8 0.47305729166666666 0.4327256944444444 0.10937083333333333 0.1615263888888889
7 0.6851927083333333 0.41155277777777777 0.12166614583333332 0.09930555555555555
10 0.5629166666666666 0.8277638888888889 0.09013333333333334 0.1175888888888889
9 0.6820833333333333 0.6479930555555555 0.04753963541666666 0.06041666666666667
6 0.5405208333333333 0.6902229166666667 0.03370802083333333 0.045441111111111106
11 0.5200151041666666 0.588325 0.0767578125 0.03508076388888889
5 0.4870848958333333 0.17101805555555555 0.15696822916666667 0.06875
1 0.20136145833333333 0.61175 0.4935046875 0.07708333333333334
12 0.2993166666666667 0.49952222222222226 0.0400646875 0.04791666666666667
0 0.3434770833333333 0.4060673611111111 0.37272083333333333 0.07708333333333334
2 0.81159375 0.24445416666666667 0.30923958333333335 0.07569444444444444
4 0.4335098958333334 0.7899930555555555 0.15101822916666666 0.06875
3 0.5923229166666667 0.23161597222222222 0.12489166666666666 0.050694444444444445
