9 0.3548489583333333 0.30455347222222223 0.04635416666666667 0.06180555555555556
12 0.7219427083333334 0.879375 0.043229166666666666 0.04375
8 0.524546875 0.269375 0.11197916666666667 0.15902777777777777
10 0.22842447916666667 0.775513888888889 0.08395416666666668 0.12496875
5 0.5014786458333333 0.777013888888889 0.1604875 0.07069513888888888
7 0.2860723958333333 0.608125 0.12594947916666668 0.09930555555555555
6 0.42535052083333336 0.660625 0.03689151041666667 0.04427472222222222
2 0.5676354166666666 0.579375 0.3151645833333333 0.07430555555555556
11 0.33116249999999997 0.388125 0.07552083333333333 0.03958333333333333
0 0.19088177083333333 0.356875 0.37821510416666665 0.08402777777777778
4 0.7279583333333334 0.640625 0.14947916666666666 0.06875
3 0.7124010416666666 0.7385416666666667 0.12524166666666667 0.05119347222222222
1 0.726953125 0.31937499999999996 0.5014734375 0.07708333333333334
