2 0.8563124999999999 0.4206388888888889 0.30490208333333335 0.07425
1 0.5357291666666666 0.48347222222222225 0.49437447916666666 0.07264027777777778
0 0.6193697916666667 0.1413861111111111 0.3672479166666667 0.0798611111111111
4 0.3396427083333334 0.504742361111111 0.1497666666666667 0.06863833333333334
3 0.552625 0.7019097222222223 0.12093333333333334 0.04909902777777778
5 0.334275 0.7630138888888889 0.15650989583333336 0.06780666666666667
7 0.585671875 0.8974722222222221 0.11806041666666665 0.09126111111111111
11 0.6005208333333333 0.33411180555555553 0.07135416666666666 0.031608125
11 0.6069322916666666 0.229125 0.071846875 0.033081041666666665
12 0.631140625 0.2777611111111111 0.03840567708333333 0.04185979166666667
12 0.6511458333333333 0.30342291666666665 0.04114583333333333 0.043883263888888885
8 0.4478520833333333 0.16372152777777776 0.1140625 0.1573173611111111
8 0.6358437499999999 0.6807444444444445 0.1109375 0.15991041666666667
10 0.7112812500000001 0.35801180555555556 0.08747395833333332 0.11800486111111111
9 0.6330989583333333 0.36002708333333333 0.04706536458333333 0.06093409722222222
9 0.5723229166666666 0.33813472222222224 0.043229166666666666 0.06448270833333333
10 0.38018854166666666 0.6069638888888889 0.08489583333333334 0.11642430555555557
6 0.3241442708333333 0.6644055555555556 0.030403125 0.04375
