8 0.2672791666666667 0.18367430555555556 0.1171875 0.15347222222222223
7 0.2084177083333333 0.4161034722222222 0.12387135416666667 0.10173611111111111
10 0.7389895833333333 0.25886805555555553 0.09091874999999999 0.11719027777777777
6 0.4887682291666666 0.5155673611111111 0.03476729166666667 0.045108402777777785
5 0.4023296875 0.45024444444444445 0.1609375 0.07152777777777777
11 0.6642135416666667 0.4830965277777778 0.0734375 0.034027777777777775
4 0.6218489583333333 0.11385277777777779 0.15288958333333333 0.07013888888888889
0 0.30465156250000003 0.8034097222222223 0.3751244791666667 0.08151527777777778
1 0.4780098958333333 0.6897798611111111 0.49314583333333334 0.07708333333333334
3 0.46356458333333334 0.2657965277777778 0.12432135416666666 0.050694444444444445
9 0.124709375 0.5616298611111111 0.047033541666666664 0.06323881944444444
2 0.8073802083333333 0.5369694444444444 0.31032291666666667 0.07569444444444444
12 0.47814322916666663 0.1641361111111111 0.04209572916666667 0.04584597222222222
