8 0.6077760416666667 0.7379791666666667 0.1200046875 0.15294930555555555
8 0.8661875 0.7803333333333333 0.12144166666666667 0.15227361111111112
10 0.29213541666666665 0.5003006944444445 0.0889453125 0.12104027777777777
5 0.4273546875 0.373125 0.16062604166666666 0.07291666666666667
10 0.8191875 0.4708451388888889 0.0892484375 0.11392083333333333
9 0.4307671875 0.5595222222222223 0.0507365625 0.06654784722222222
4 0.4974947916666667 0.8743749999999999 0.15921822916666667 0.07013888888888889
5 0.711921875 0.583125 0.1636109375 0.07291666666666667
9 0.5811614583333333 0.8871597222222222 0.045690468750000005 0.06064590277777778
4 0.7495937500000001 0.19618680555555557 0.1560234375 0.0689788888888889
1 0.48947916666666663 0.243125 0.49949114583333337 0.08293472222222223
1 0.235971875 0.7881250000000001 0.4997260416666667 0.08263888888888889
0 0.5025052083333333 0.604375 0.3760546875 0.08406597222222223
0 0.22194375 0.338125 0.3779166666666667 0.08674652777777778
