7 0.7446822916666667 0.48165 0.11971302083333332 0.09930555555555555
7 0.24611093750000002 0.8907361111111112 0.120703125 0.09930555555555555
2 0.11796041666666666 0.2844423611111111 0.31054010416666666 0.07569444444444444
6 0.5510937499999999 0.5569472222222223 0.03672875 0.046536666666666664
11 0.24724739583333333 0.5881944444444445 0.07183802083333334 0.03125
6 0.583328125 0.54361875 0.032091406249999996 0.044944374999999995
2 0.70778125 0.13003194444444446 0.31951145833333333 0.07585694444444444
11 0.5491979166666667 0.8160347222222222 0.07242916666666667 0.035416666666666666
12 0.45471510416666666 0.8757638888888888 0.04086078125 0.04411006944444445
3 0.16179947916666665 0.7863402777777777 0.12754739583333333 0.050950625
3 0.36975729166666665 0.2761965277777778 0.12270885416666667 0.047798680555555556
12 0.32729375 0.4340131944444445 0.040902135416666666 0.04606298611111111
