7 0.19246822916666667 0.6523097222222223 0.11851927083333333 0.09930555555555555
7 0.55225 0.6423895833333334 0.11818072916666668 0.09364861111111113
6 0.43078229166666665 0.2882284722222222 0.03523088541666666 0.046066944444444445
6 0.47831250000000003 0.7734027777777778 0.03445125 0.045864444444444444
11 0.38955833333333334 0.4270326388888889 0.07084739583333333 0.032431875
2 0.18953177083333334 0.3862902777777778 0.3128859375 0.07430555555555556
2 0.5838854166666666 0.3546916666666666 0.30572916666666666 0.07163541666666667
12 0.6557291666666667 0.42758888888888885 0.03884177083333333 0.04303333333333333
3 0.5529427083333334 0.17762569444444445 0.12073333333333333 0.04780180555555555
3 0.3812625 0.071875 0.12151458333333333 0.04839569444444445
11 0.33717447916666665 0.6437145833333333 0.07161302083333335 0.03215861111111111
12 0.26905104166666666 0.2265888888888889 0.042332760416666664 0.04271930555555555
