8 0.6329583333333333 0.3243625 0.11832656250000001 0.15921458333333333
8 0.38697604166666666 0.8001319444444445 0.1219703125 0.14992569444444445
10 0.67003125 0.6784944444444445 0.08954322916666667 0.11876874999999999
10 0.29855104166666663 0.19560555555555556 0.0909265625 0.11827777777777777
5 0.619515625 0.5070340277777778 0.1602515625 0.07249930555555556
9 0.7716875000000001 0.38121805555555555 0.04494 0.058009513888888885
0 0.20307239583333334 0.5572416666666666 0.3703125 0.07569444444444444
9 0.5310520833333333 0.7901041666666667 0.04564385416666667 0.06266402777777777
4 0.46789375 0.21302708333333334 0.15365260416666665 0.06875
0 0.8254687500000001 0.5742319444444445 0.3674921875 0.08426597222222222
1 0.09736302083333334 0.4227472222222222 0.4950041666666667 0.08260555555555556
4 0.40032187500000005 0.6350847222222222 0.1496338541666667 0.06849430555555555
1 0.6403854166666666 0.10033194444444445 0.5040817708333333 0.07569444444444444
5 0.5024489583333334 0.5125576388888888 0.158896875 0.07152777777777777
