8 0.2784364583333333 0.7173472222222222 0.1203125 0.1585173611111111
10 0.5280989583333333 0.3286638888888889 0.09134427083333334 0.11612083333333333
7 0.35526562500000003 0.2233201388888889 0.12070052083333334 0.09930555555555555
6 0.6651510416666666 0.8287013888888889 0.03439651041666667 0.045083541666666664
2 0.6231458333333334 0.1803263888888889 0.304896875 0.07430555555555556
9 0.6060625000000001 0.5174861111111111 0.045995156249999995 0.06304506944444443
5 0.468428125 0.7240069444444444 0.15572083333333334 0.06875
1 0.17317239583333333 0.38627361111111114 0.49836458333333333 0.08303333333333333
12 0.41055833333333336 0.9022222222222223 0.038335208333333336 0.04652777777777778
3 0.4313572916666667 0.4794055555555556 0.124309375 0.050694444444444445
0 0.756078125 0.52353125 0.36750781250000003 0.08120555555555556
4 0.6700520833333333 0.4142868055555555 0.15243697916666665 0.06736111111111111
11 0.27548697916666665 0.4002729166666667 0.0724703125 0.03263888888888889
