8 0.8174427083333333 0.47754722222222223 0.12120833333333333 0.1511986111111111
10 0.481175 0.6051013888888889 0.08859114583333333 0.12278402777777778
7 0.6134322916666667 0.4878104166666667 0.11944166666666667 0.09930555555555555
6 0.5071609375 0.7513333333333334 0.03384609375 0.04499173611111111
2 0.34849375 0.45923819444444447 0.30892447916666665 0.07430555555555556
9 0.4307223958333333 0.3673166666666667 0.04448604166666667 0.063983125
0 0.6050729166666666 0.19678194444444444 0.37258802083333337 0.08149097222222222
11 0.5595572916666666 0.3462472222222222 0.07278958333333334 0.034027777777777775
5 0.7472864583333333 0.317675 0.15788750000000001 0.07152777777777777
1 0.7425729166666667 0.7756180555555556 0.49171927083333333 0.07569444444444444
12 0.58546875 0.6489069444444445 0.0392625 0.04652777777777778
4 0.3640161458333333 0.7210624999999999 0.15221354166666667 0.07013888888888889
3 0.4279458333333333 0.5017090277777778 0.12067968750000001 0.05122215277777778
