9 0.37865052083333334 0.6026895833333333 0.046397031250000005 0.06107965277777778
9 0.12729375 0.08537986111111111 0.048057656250000004 0.06468173611111111
8 0.40300312499999996 0.8301041666666666 0.1219171875 0.15192222222222224
8 0.5960468750000001 0.384275 0.11588854166666666 0.14901805555555556
10 0.6042760416666667 0.9171666666666667 0.08745989583333333 0.12114097222222223
4 0.4978515625 0.6990347222222222 0.15113854166666665 0.06766208333333333
4 0.49566875 0.48140625000000004 0.1527411458333333 0.06843791666666667
10 0.5526041666666667 0.06812499999999999 0.0859375 0.12264375
5 0.7421562500000001 0.3962701388888889 0.1586578125 0.07081041666666667
0 0.2333578125 0.5097423611111112 0.37399947916666665 0.08221319444444444
0 0.6756458333333334 0.7654097222222223 0.36660052083333333 0.08058819444444444
5 0.3612223958333333 0.143125 0.15677083333333333 0.07152777777777777
1 0.5966927083333334 0.221875 0.50128125 0.0798611111111111
1 0.9123229166666668 0.574375 0.4901979166666666 0.08125
