1 0.26603229166666664 0.318125 0.49947916666666664 0.08263888888888889
1 0.25901822916666667 0.528125 0.49370312499999996 0.08207847222222223
0 0.5596197916666666 0.775625 0.37376718750000004 0.08261388888888889
0 0.5485989583333333 0.6581250000000001 0.37205520833333333 0.08210069444444444
2 0.42535052083333336 0.313125 0.3076067708333333 0.07078263888888889
2 0.4063125 0.208125 0.3095026041666667 0.07638125
3 0.3872744791666667 0.7518750000000001 0.1258828125 0.050170347222222224
3 0.5017026041666667 0.7034791666666667 0.121840625 0.04682381944444444
4 0.34810104166666667 0.5197006944444444 0.14741927083333334 0.06736111111111111
4 0.4023046875 0.259375 0.15154322916666668 0.06959722222222223
5 0.631765625 0.554375 0.15443854166666665 0.07291666666666667
5 0.46743489583333336 0.553125 0.15644010416666668 0.0674345138888889
7 0.5035067708333333 0.451875 0.11826927083333333 0.10028402777777777
7 0.45941875 0.149375 0.11875729166666667 0.09319444444444444
6 0.36823645833333335 0.0925 0.029583333333333333 0.04344659722222222
6 0.457915625 0.7493749999999999 0.03177083333333333 0.041805555555555554
