7 0.6456979166666666 0.5610798611111112 0.118371875 0.09930555555555555
7 0.3362171875 0.5995506944444444 0.11902916666666667 0.10069444444444445
6 0.79540625 0.6059451388888889 0.03440489583333333 0.04560458333333333
6 0.4043171875 0.24191805555555557 0.03458713541666667 0.04595701388888889
11 0.45938124999999996 0.7603541666666668 0.07141770833333334 0.03263888888888889
12 0.5162859375 0.3459548611111111 0.0424075 0.04513888888888889
3 0.6585260416666666 0.3515125 0.12409583333333334 0.050694444444444445
2 0.6171458333333334 0.17080486111111112 0.30766770833333335 0.07569444444444444
11 0.5143135416666667 0.5344326388888889 0.07293645833333334 0.03263888888888889
2 0.2587729166666667 0.3488659722222222 0.30811458333333336 0.07708333333333334
3 0.3734703125 0.3680222222222222 0.12552083333333333 0.05010284722222222
12 0.5418593749999999 0.7284444444444444 0.041112604166666664 0.04097222222222222
