7 0.2695416666666667 0.7817430555555556 0.11889010416666666 0.09247638888888889
7 0.7377708333333334 0.7105902777777777 0.11745677083333333 0.09643194444444445
6 0.36963229166666667 0.782875 0.0328125 0.04375
11 0.23750364583333333 0.6303722222222222 0.070734375 0.03263888888888889
6 0.36905364583333333 0.38958055555555554 0.034564947916666665 0.045518333333333334
11 0.6039427083333333 0.7739999999999999 0.07134687499999999 0.03263888888888889
2 0.600703125 0.375625 0.30743229166666663 0.07460972222222223
2 0.207915625 0.385625 0.31063385416666667 0.07084166666666666
3 0.40056875 0.24804305555555556 0.12238333333333333 0.04652777777777778
3 0.3301604166666667 0.5643750000000001 0.12022708333333335 0.04840652777777778
12 0.5020046875 0.7864027777777778 0.03773796875 0.04277513888888889
12 0.555671875 0.6085326388888889 0.04010416666666667 0.04326048611111111
