8 0.34084010416666666 0.3343923611111111 0.12157708333333334 0.1498298611111111
8 0.3476270833333333 0.7041597222222222 0.11740520833333333 0.15941666666666668
10 0.8576979166666666 0.42086388888888887 0.08785625 0.12309027777777778
5 0.478578125 0.34252916666666666 0.1602822916666667 0.07309305555555556
4 0.49650520833333334 0.62619375 0.15152760416666666 0.07013888888888889
10 0.2669239583333333 0.5222701388888888 0.08697916666666666 0.12430555555555556
9 0.6999479166666667 0.4897944444444444 0.0453125 0.062109444444444446
0 0.14170000000000002 0.4130229166666667 0.36822916666666666 0.07708333333333334
1 0.3281177083333333 0.8501041666666668 0.5003036458333333 0.08099583333333334
1 0.5924010416666667 0.08153055555555555 0.4985338541666666 0.07569444444444444
5 0.6005364583333334 0.5485361111111111 0.15837239583333332 0.07013888888888889
9 0.6071041666666667 0.2644284722222222 0.0453125 0.06495951388888889
0 0.7562656249999999 0.6449395833333333 0.3673166666666667 0.08108541666666667
4 0.175178125 0.10119791666666667 0.15216354166666665 0.07101249999999999
