8 0.6361302083333332 0.6776916666666667 0.1203125 0.15997916666666667
7 0.36813333333333337 0.2831208333333333 0.12475625 0.10116458333333332
10 0.2906583333333333 0.48272152777777777 0.0867875 0.12355208333333333
9 0.541640625 0.11027430555555555 0.044270833333333336 0.06317625
5 0.39162864583333334 0.7566319444444444 0.15906874999999998 0.07291666666666667
6 0.16557812500000002 0.3819673611111111 0.03427442708333333 0.04541631944444445
0 0.25305677083333333 0.6500902777777777 0.37735416666666666 0.08201319444444445
11 0.13075625 0.5290166666666667 0.07512291666666666 0.03388326388888889
4 0.5049359375 0.3337145833333333 0.15113541666666666 0.06670652777777777
1 0.7009010416666667 0.420625 0.49526770833333333 0.07847222222222222
3 0.48706666666666665 0.7396041666666666 0.12430260416666666 0.050694444444444445
12 0.57325 0.4304486111111111 0.040842916666666666 0.04652777777777778
2 0.2930671875 0.14114375 0.30609479166666664 0.07886875
