8 0.6953437499999999 0.22513819444444444 0.117978125 0.1530659722222222
7 0.3672078125 0.14324930555555554 0.11945364583333333 0.09603750000000001
7 0.5996302083333334 0.18646527777777777 0.12019114583333333 0.09685416666666667
10 0.48446822916666665 0.21901944444444443 0.08866458333333332 0.12031458333333332
9 0.3666963541666667 0.40119930555555555 0.04635416666666667 0.06180555555555556
6 0.2753307291666667 0.2893847222222222 0.03331645833333333 0.042257083333333334
6 0.1937984375 0.5811395833333334 0.03500640625 0.04603958333333333
4 0.18677760416666667 0.18998958333333332 0.15081770833333333 0.07013888888888889
4 0.3632526041666667 0.67130625 0.14831041666666664 0.06875
0 0.2623479166666667 0.4637736111111111 0.3697885416666667 0.07708333333333334
5 0.5105302083333333 0.6457368055555556 0.15293958333333332 0.07291666666666667
11 0.10230677083333334 0.5268868055555556 0.07192864583333333 0.03263888888888889
5 0.6961927083333334 0.34596458333333335 0.1561578125 0.07152777777777777
2 0.7560104166666667 0.5643750000000001 0.3175942708333333 0.07569444444444444
3 0.6221458333333333 0.34716597222222223 0.12391927083333334 0.049305555555555554
1 0.5640729166666667 0.5703555555555556 0.4977255208333334 0.07708333333333334
12 0.46426770833333336 0.7541388888888889 0.04010416666666667 0.04477673611111111
