8 0.5386822916666667 0.10628888888888889 0.12135416666666667 0.15336805555555555
8 0.08959322916666666 0.48889166666666667 0.11689947916666667 0.15846666666666667
7 0.8021041666666666 0.40232222222222225 0.11796510416666667 0.09288750000000001
10 0.17690729166666666 0.6754097222222223 0.08735208333333334 0.12236597222222222
10 0.552640625 0.7273055555555555 0.08161666666666667 0.12152777777777778
9 0.7281302083333333 0.5818208333333333 0.04635416666666667 0.06274027777777778
4 0.13756510416666667 0.38929027777777775 0.1527661458333333 0.06772465277777778
11 0.22699427083333334 0.40494722222222224 0.07322500000000001 0.03263888888888889
12 0.6248854166666666 0.5970048611111112 0.04119 0.04375
11 0.364303125 0.12575486111111112 0.0705328125 0.034027777777777775
6 0.6953802083333334 0.4663715277777778 0.03541963541666667 0.04509618055555556
2 0.6011354166666667 0.17884236111111113 0.30680156249999996 0.07430555555555556
9 0.45247187499999997 0.3713083333333333 0.045754322916666666 0.06436340277777777
1 0.49748906249999997 0.5086493055555555 0.4973958333333333 0.07430555555555556
5 0.6568385416666668 0.5795152777777778 0.1549421875 0.06917034722222222
3 0.37855833333333333 0.1787763888888889 0.12080520833333333 0.04907145833333333
0 0.36640781250000004 0.7824861111111111 0.3723958333333333 0.08125
12 0.35721458333333334 0.375625 0.04164140625 0.0459025
