7 0.63115625 0.47622916666666665 0.11811770833333333 0.0960326388888889
10 0.4193140625 0.3567527777777778 0.09010416666666667 0.11172916666666666
8 0.28227447916666665 0.5401805555555556 0.11802604166666668 0.15151458333333334
4 0.16515156250000002 0.3303902777777778 0.1513125 0.06713465277777778
6 0.41204999999999997 0.6490472222222222 0.033854166666666664 0.043269166666666664
5 0.6970885416666667 0.6384201388888889 0.15758697916666667 0.07134930555555555
9 0.497721875 0.6267034722222222 0.043229166666666666 0.06067173611111111
11 0.5191567708333333 0.4019506944444444 0.0719125 0.03197576388888889
0 0.1711453125 0.6767548611111112 0.36484583333333337 0.08261805555555556
12 0.5876666666666667 0.8209236111111112 0.03902583333333333 0.04513888888888889
2 0.6425989583333334 0.2637208333333333 0.3083854166666667 0.07291666666666667
1 0.43236458333333333 0.110625 0.49975677083333336 0.08041527777777778
3 0.3502005208333333 0.7056250000000001 0.12451041666666667 0.05051611111111111
