8 0.3328052083333333 0.13958541666666666 0.1078125 0.16418958333333333
8 0.2760921875 0.43077638888888886 0.12243385416666668 0.1487576388888889
10 0.6142187499999999 0.6122979166666667 0.09117239583333332 0.11696597222222223
10 0.5252395833333333 0.09426527777777777 0.09137552083333333 0.11510694444444444
11 0.698453125 0.22252708333333335 0.07004062500000001 0.034027777777777775
9 0.7109322916666667 0.3841923611111111 0.045323906250000004 0.06127277777777777
9 0.47297343750000004 0.37389236111111107 0.0453125 0.05763888888888889
12 0.4632364583333333 0.4932680555555556 0.04010416666666667 0.04375
11 0.47724687499999996 0.7094652777777778 0.07202395833333333 0.03263888888888889
12 0.6281510416666667 0.45331180555555556 0.040475833333333336 0.04116854166666666
