7 0.8739270833333334 0.6184375 0.117696875 0.09502847222222223
7 0.22181979166666668 0.4052798611111111 0.1195890625 0.09463263888888888
5 0.5801770833333334 0.46026180555555557 0.1527734375 0.06739076388888889
5 0.62209375 0.1279625 0.15871979166666667 0.06875
6 0.524578125 0.42717847222222216 0.03173510416666667 0.04513888888888889
1 0.39299791666666667 0.5871833333333333 0.4982802083333333 0.07569444444444444
6 0.4206109375 0.8045 0.03191135416666666 0.043582638888888886
4 0.740984375 0.628125 0.15249427083333333 0.07104722222222223
2 0.3401802083333333 0.448125 0.30964322916666664 0.07932499999999999
0 0.5761302083333334 0.5998993055555556 0.36553593749999996 0.07841111111111111
3 0.48085312500000005 0.8100694444444444 0.12244010416666667 0.04725569444444444
0 0.6354062500000001 0.8284583333333333 0.3732515625 0.07569444444444444
1 0.6312760416666666 0.32418125000000003 0.4901041666666667 0.07569444444444444
3 0.23374895833333334 0.6700916666666666 0.11854322916666667 0.04652777777777778
4 0.70846875 0.7006527777777778 0.14947916666666666 0.06559493055555556
2 0.8251510416666666 0.343125 0.30693177083333334 0.0753111111111111
