8 0.6650260416666666 0.20264861111111113 0.11822916666666666 0.16151875
8 0.4412317708333333 0.7397638888888889 0.11197916666666667 0.16180555555555556
7 0.3742671875 0.5435833333333333 0.11987135416666667 0.0958625
10 0.28787916666666663 0.710625 0.08802083333333334 0.12152777777777778
10 0.37438125 0.10494791666666667 0.08853177083333333 0.11936597222222223
9 0.6115885416666667 0.5393506944444444 0.047243385416666665 0.061669583333333326
9 0.24469895833333333 0.4011486111111111 0.046615416666666666 0.06319979166666667
6 0.5116869791666666 0.3034833333333333 0.032427447916666664 0.04315701388888889
5 0.49635833333333335 0.11663125 0.15840729166666667 0.06736111111111111
11 0.6920729166666667 0.5536243055555556 0.07070416666666667 0.03263888888888889
11 0.33351666666666663 0.17810486111111112 0.0718125 0.034027777777777775
4 0.199165625 0.6109430555555556 0.1551359375 0.07051666666666666
12 0.6678020833333334 0.7818611111111112 0.03904286458333333 0.04652777777777778
0 0.6969166666666666 0.36635555555555555 0.37082604166666666 0.08039305555555556
1 0.2515364583333333 0.49774236111111114 0.5025442708333333 0.07847222222222222
2 0.31268072916666667 0.2228236111111111 0.31206197916666667 0.07569444444444444
12 0.13740572916666668 0.25026041666666665 0.039503333333333335 0.04375
3 0.5530468749999999 0.6591493055555555 0.121396875 0.04971833333333333
