7 0.541703125 0.7654722222222222 0.11962500000000001 0.09930555555555555
7 0.6661458333333333 0.6535513888888889 0.118371875 0.09434791666666666
6 0.6104895833333334 0.2879916666666667 0.03476953125 0.04497173611111111
2 0.21299218749999999 0.4991305555555556 0.30792708333333335 0.07430555555555556
6 0.4520109375 0.6442520833333333 0.034548072916666665 0.04523624999999999
2 0.5167979166666666 0.10466458333333334 0.30564583333333334 0.07569444444444444
11 0.45619479166666665 0.4725173611111111 0.07228645833333333 0.035416666666666666
11 0.30595208333333335 0.43524027777777774 0.0723609375 0.034027777777777775
12 0.47628229166666664 0.3048138888888889 0.04137958333333334 0.04660895833333333
3 0.6022656249999999 0.4438736111111111 0.12144895833333333 0.050694444444444445
3 0.32307083333333336 0.2686340277777778 0.12541927083333335 0.05144326388888889
12 0.3632515625 0.6687465277777778 0.04108489583333333 0.044553125
