8 0.2725473958333334 0.7188402777777778 0.117915625 0.1576875
7 0.7028958333333333 0.5935944444444444 0.11883802083333334 0.09347222222222222
10 0.5273802083333333 0.6137958333333333 0.0906234375 0.11695416666666666
5 0.528046875 0.7849236111111111 0.16007760416666666 0.07350208333333333
6 0.3851765625 0.5518180555555556 0.03323296875 0.04457243055555555
9 0.3286671875 0.14638194444444444 0.04865630208333334 0.05880791666666667
11 0.2582229166666667 0.29479236111111107 0.0703125 0.03263888888888889
4 0.6970104166666666 0.4575854166666667 0.1484375 0.07013888888888889
1 0.1572265625 0.5169222222222223 0.4994854166666666 0.07478611111111111
3 0.4004796875 0.8702847222222222 0.12357447916666667 0.050694444444444445
0 0.6000520833333333 0.3460861111111111 0.36513333333333337 0.08033888888888889
2 0.4964932291666667 0.194375 0.31250260416666664 0.07623472222222223
12 0.26800729166666665 0.48678472222222224 0.04114583333333333 0.04513888888888889
