8 0.8500156249999999 0.14754305555555555 0.11641302083333334 0.16394027777777778
8 0.40709531250000003 0.6423347222222222 0.11189375 0.1598173611111111
10 0.6626093750000001 0.4739194444444444 0.0926984375 0.11431388888888888
10 0.6239791666666666 0.16683263888888888 0.08536145833333333 0.12354930555555556
11 0.7570208333333334 0.7782986111111111 0.07056302083333334 0.03271659722222222
11 0.8674114583333333 0.6089069444444445 0.07106875 0.032009444444444445
9 0.5125015625 0.4067152777777778 0.04769848958333334 0.06143368055555556
9 0.877765625 0.8083333333333333 0.045492760416666674 0.06512027777777778
12 0.8178177083333333 0.4271388888888889 0.03997552083333333 0.045764930555555555
12 0.5604010416666667 0.7354583333333333 0.039752395833333336 0.04360270833333334
