8 0.46411406250000004 0.4843951388888889 0.1182453125 0.16028125000000001
7 0.400565625 0.7734305555555555 0.1196828125 0.09791666666666667
10 0.3628885416666667 0.2729715277777778 0.08873125 0.11712222222222222
5 0.588 0.159475 0.15885416666666666 0.07291666666666667
6 0.74771875 0.6064055555555556 0.036688020833333335 0.04264784722222222
0 0.2551625 0.410525 0.37373124999999996 0.08322638888888889
11 0.7480677083333334 0.29838749999999997 0.07286510416666667 0.034027777777777775
4 0.6401822916666667 0.28219930555555556 0.153546875 0.06875
1 0.8577447916666666 0.5109472222222222 0.49451354166666667 0.08194097222222223
12 0.3753140625 0.10605694444444445 0.042881822916666666 0.04652777777777778
9 0.33865677083333334 0.51910625 0.046997968749999994 0.06179597222222222
2 0.6435677083333334 0.5761083333333333 0.3077552083333333 0.07430555555555556
3 0.4867385416666667 0.19955208333333335 0.12524635416666668 0.052083333333333336
