8 0.10906041666666666 0.22660208333333334 0.1203125 0.15208333333333332
8 0.5889947916666666 0.3092979166666667 0.1206 0.15186597222222223
7 0.16438072916666666 0.7696458333333334 0.12196093749999999 0.09930555555555555
10 0.0543 0.7903819444444445 0.08775208333333334 0.12430694444444446
5 0.4563302083333333 0.30101458333333336 0.15990052083333334 0.07289305555555556
9 0.11400260416666666 0.6686791666666667 0.04739583333333333 0.06458333333333334
6 0.342815625 0.22083333333333333 0.035516718749999995 0.04593409722222222
2 0.48480520833333335 0.7289652777777778 0.3078125 0.07152777777777777
10 0.4281447916666667 0.8699791666666666 0.0859375 0.11703819444444444
11 0.3979973958333333 0.4831590277777778 0.07089999999999999 0.034027777777777775
3 0.22823385416666667 0.24415347222222222 0.12193125 0.049305555555555554
9 0.2769640625 0.2881326388888889 0.043229166666666666 0.06295152777777778
11 0.24314895833333333 0.9245347222222222 0.07243229166666666 0.035416666666666666
4 0.29828541666666664 0.42109236111111115 0.15038541666666666 0.07013888888888889
12 0.2658015625 0.5752243055555556 0.037920625 0.04513888888888889
0 0.21847916666666667 0.6273493055555556 0.3727390625 0.07968194444444444
1 0.38935000000000003 0.07332777777777778 0.49266666666666664 0.07708333333333334
12 0.07533645833333333 0.5826354166666666 0.04053078125 0.043100763888888886
