8 0.5714791666666666 0.7305208333333334 0.11141979166666666 0.15906041666666668
7 0.731640625 0.7988333333333333 0.11769583333333333 0.09491319444444445
10 0.36387031249999996 0.41715069444444447 0.09168229166666667 0.11487291666666667
4 0.30488802083333333 0.5862340277777778 0.15119739583333333 0.06875
6 0.41169791666666666 0.7573194444444444 0.0338746875 0.04560777777777778
5 0.7160989583333334 0.44102847222222225 0.15803645833333332 0.07152777777777777
9 0.36915989583333336 0.5622555555555556 0.04520291666666666 0.05877111111111111
11 0.4912036458333333 0.35612777777777777 0.07171770833333334 0.034027777777777775
3 0.49835989583333334 0.5000770833333333 0.12173489583333333 0.049305555555555554
2 0.23091302083333334 0.6891319444444445 0.30439895833333336 0.07569444444444444
0 0.3752505208333333 0.251875 0.3644604166666667 0.08038680555555557
1 0.7169322916666666 0.239375 0.4979630208333334 0.07941388888888888
12 0.5593072916666666 0.2693451388888889 0.03822036458333333 0.042996180555555555
