8 0.3456911458333333 0.880625 0.1203125 0.1596173611111111
8 0.7620260416666667 0.2 0.11958333333333333 0.16635902777777778
10 0.23909583333333334 0.5037881944444444 0.08980052083333333 0.10890833333333333
10 0.4679359375 0.164375 0.08677083333333332 0.11959861111111111
9 0.476453125 0.40375 0.050208333333333334 0.062150694444444446
9 0.42985989583333334 0.589375 0.04739583333333333 0.06348666666666666
12 0.48195625 0.7149236111111111 0.040952239583333334 0.04174875
12 0.5527708333333333 0.8398194444444443 0.03885046875 0.043371597222222225
11 0.6131666666666666 0.45752013888888887 0.07019531250000001 0.032256041666666666
11 0.3670640625 0.279175 0.07066354166666668 0.03263201388888889
