8 0.7289479166666666 0.4133833333333334 0.11251458333333333 0.15347222222222223
7 0.7420208333333334 0.14951805555555556 0.118225 0.09930555555555555
7 0.4820536458333333 0.3657229166666666 0.11822916666666666 0.09700277777777777
5 0.30185052083333336 0.6086340277777778 0.15596770833333334 0.07152777777777777
10 0.778828125 0.6100354166666667 0.09114583333333333 0.11297361111111111
5 0.38062135416666665 0.3248729166666667 0.15418958333333332 0.06652569444444444
6 0.8634687499999999 0.3784972222222222 0.03489296875 0.045184861111111106
6 0.5792604166666667 0.5484749999999999 0.0328125 0.04375
0 0.5120786458333334 0.12770208333333333 0.3640625 0.07708333333333334
11 0.6678645833333333 0.42726597222222223 0.070646875 0.03263888888888889
4 0.8631927083333333 0.13903333333333334 0.1511296875 0.07104236111111112
3 0.5919739583333333 0.6384284722222222 0.12168697916666667 0.04814618055555556
4 0.34070572916666664 0.2816388888888889 0.14854479166666668 0.06768826388888889
9 0.65378125 0.5102666666666666 0.0453125 0.05625
2 0.8317239583333333 0.3854263888888889 0.3100765625 0.07708333333333334
12 0.572921875 0.15685208333333334 0.042292083333333334 0.04652777777777778
1 0.5553854166666666 0.42236388888888887 0.4921713541666667 0.07569444444444444
