6 0.4383765625 0.610625 0.030520833333333334 0.040774583333333336
6 0.5906822916666666 0.5599999999999999 0.03520833333333333 0.04344659722222222
1 0.3081161458333333 0.556875 0.5024088541666667 0.07851944444444445
1 0.6077135416666667 0.324375 0.5084609375 0.07590972222222223
0 0.18486979166666667 0.571875 0.3732109375 0.08031666666666668
0 0.5145291666666666 0.539375 0.36766666666666664 0.08402152777777777
2 0.4193385416666667 0.776875 0.30924270833333334 0.07019861111111111
2 0.2710421875 0.365625 0.3059645833333333 0.06860916666666667
3 0.5315625 0.43312500000000004 0.12205520833333333 0.050775347222222225
3 0.4213427083333333 0.665625 0.12294999999999999 0.05170152777777778
4 0.5095192708333334 0.726875 0.14851093750000002 0.07140694444444444
4 0.6828645833333333 0.650625 0.15396666666666667 0.07233680555555556
5 0.6077447916666666 0.6979166666666666 0.1599489583333333 0.07222222222222222
5 0.392284375 0.360625 0.15155572916666668 0.06938722222222221
7 0.35420833333333335 0.759375 0.12398958333333333 0.09833472222222223
7 0.4273546875 0.343125 0.12293958333333334 0.10734027777777777
