8 0.726671875 0.3679076388888889 0.11918333333333334 0.15270694444444444
8 0.6467916666666667 0.70875 0.12145833333333332 0.15567083333333334
10 0.39328645833333337 0.8818750000000001 0.09239583333333333 0.12093472222222221
10 0.33717447916666665 0.42874999999999996 0.08958333333333333 0.11826319444444446
9 0.5611197916666666 0.343125 0.04927083333333333 0.06348666666666666
9 0.22494114583333333 0.5240583333333333 0.04739583333333333 0.06226423611111111
12 0.42068020833333336 0.6884208333333334 0.039287239583333335 0.04276659722222222
12 0.4767635416666666 0.5139319444444445 0.040460989583333336 0.042545625000000004
11 0.2934177083333333 0.6608375 0.06909375 0.03178881944444444
11 0.4357296875 0.279575 0.0703125 0.03236951388888889
