9 0.13955781250000002 0.1799840277777778 0.04739583333333333 0.06180555555555556
9 0.5694270833333334 0.8425972222222222 0.04579734375 0.06106972222222222
8 0.49048072916666663 0.648125 0.1204515625 0.15069444444444444
8 0.842125 0.49165416666666667 0.11179427083333333 0.1608888888888889
10 0.39399531250000003 0.8248749999999999 0.08652187500000001 0.11959652777777777
10 0.75975 0.2305222222222222 0.09152239583333334 0.11426527777777779
4 0.6578177083333333 0.790625 0.155821875 0.06736111111111111
5 0.3974151041666667 0.5380798611111112 0.159584375 0.07190972222222222
5 0.10288020833333333 0.4334319444444445 0.159434375 0.07256875
0 0.9073125 0.273125 0.36420260416666667 0.08541666666666667
1 0.7309635416666667 0.675625 0.4869791666666667 0.07569444444444444
0 0.27805625 0.38187499999999996 0.3696140625 0.07847222222222222
4 0.6382708333333333 0.34389930555555553 0.15065520833333332 0.06798152777777777
1 0.3722442708333333 0.40187500000000004 0.4970484375 0.07708333333333334
