6 0.726453125 0.12000000000000001 0.040561302083333334 0.04555555555555555
6 0.5045088541666667 0.480625 0.034270833333333334 0.040774583333333336
0 0.14979947916666667 0.526875 0.3734291666666667 0.08890416666666666
0 0.4033067708333334 0.128125 0.3640026041666667 0.09167152777777778
1 0.7790572916666666 0.548125 0.4971583333333333 0.07688888888888888
1 0.23296614583333333 0.453125 0.4970848958333333 0.07889722222222222
2 0.4033067708333334 0.709375 0.3033651041666667 0.0731201388888889
2 0.5195390625 0.268125 0.3106666666666667 0.07369861111111112
3 0.5916822916666666 0.5018750000000001 0.12205520833333333 0.04736840277777778
3 0.5906822916666666 0.16062500000000002 0.12454270833333334 0.04710625
4 0.5265520833333334 0.791875 0.15075885416666665 0.06284180555555555
4 0.23998020833333333 0.330625 0.15400677083333333 0.06875
5 0.7189374999999999 0.324375 0.15343489583333333 0.06907756944444444
5 0.476453125 0.596875 0.15911770833333333 0.07015138888888889
7 0.3241484375 0.35062499999999996 0.12040104166666667 0.09770277777777778
7 0.2870739583333333 0.229375 0.1185296875 0.0997375
