8 0.23466666666666666 0.45861180555555553 0.12447916666666667 0.1451388888888889
8 0.6499947916666666 0.12716180555555556 0.11635885416666666 0.1627451388888889
10 0.3443776041666667 0.6976597222222222 0.08960989583333333 0.11904583333333332
7 0.653265625 0.5599930555555556 0.11959479166666667 0.09255694444444446
10 0.4352875 0.20233194444444444 0.0904765625 0.11804583333333332
9 0.34890000000000004 0.2738506944444445 0.048119479166666666 0.05816743055555555
5 0.30239218749999996 0.20050972222222221 0.15570625000000002 0.07152777777777777
6 0.6350572916666667 0.3045145833333333 0.03375119791666667 0.04506576388888889
2 0.3998208333333333 0.5187944444444444 0.308684375 0.07569444444444444
4 0.5205562499999999 0.27366666666666667 0.14984947916666666 0.07152777777777777
11 0.404465625 0.3972979166666667 0.07192708333333334 0.03263888888888889
9 0.5397083333333333 0.48992777777777774 0.048366458333333334 0.059590833333333336
3 0.6325677083333333 0.3718777777777778 0.11801822916666667 0.049305555555555554
0 0.16931822916666667 0.566861111111111 0.368803125 0.08258611111111111
11 0.6248072916666667 0.44721944444444445 0.06993229166666667 0.034027777777777775
1 0.5581770833333334 0.7517569444444444 0.502775 0.07708333333333334
12 0.7449635416666667 0.1813076388888889 0.03854614583333334 0.04675180555555555
12 0.2766614583333334 0.33427083333333335 0.04165447916666667 0.043521875
