8 0.7352500000000001 0.47939305555555556 0.12391979166666665 0.1432388888888889
7 0.40254010416666663 0.6747430555555556 0.11871458333333333 0.09930555555555555
10 0.26212708333333334 0.6718805555555556 0.08946354166666667 0.12227222222222223
6 0.5974947916666667 0.5524979166666667 0.0343675 0.04466222222222222
5 0.49548020833333334 0.5020284722222222 0.16056041666666668 0.07152777777777777
9 0.5215625 0.6829208333333333 0.04777395833333333 0.06492208333333332
3 0.2526364583333333 0.43291875 0.1523296875 0.06829215277777778
1 0.563625 0.8768750000000001 0.4945145833333333 0.07708333333333334
11 0.6353489583333333 0.7650902777777778 0.07412760416666667 0.03351020833333333
0 0.8406302083333334 0.3835736111111111 0.3703125 0.08263888888888889
2 0.46777916666666663 0.27328680555555557 0.3111630208333333 0.07569444444444444
3 0.7827083333333333 0.7495277777777777 0.12608854166666666 0.050694444444444445
12 0.6083802083333333 0.40286875 0.042453020833333334 0.04565881944444444
