8 0.498496875 0.19375 0.1171875 0.16055555555555553
8 0.30761510416666665 0.660625 0.1234375 0.15818194444444444
12 0.47920052083333337 0.6696027777777778 0.03850140625 0.04299298611111111
12 0.13122916666666667 0.5742965277777777 0.040888125000000004 0.04290340277777778
11 0.31212708333333333 0.36784999999999995 0.0711375 0.03227298611111111
11 0.4160875 0.3745708333333333 0.07056510416666667 0.031703125000000006
10 0.3517036458333333 0.16125 0.09012239583333333 0.11454930555555555
10 0.0977046875 0.3229152777777778 0.09331302083333333 0.1107875
9 0.20325989583333334 0.4514770833333333 0.0484375 0.061167291666666665
9 0.22144270833333335 0.15875 0.050208333333333334 0.06348666666666666
