7 0.5896041666666666 0.8287916666666667 0.11950572916666666 0.09400902777777777
7 0.3265958333333333 0.27517777777777774 0.12330208333333334 0.10055833333333333
6 0.3750828125 0.6878541666666667 0.034843958333333334 0.04506076388888889
11 0.19263489583333332 0.7002569444444444 0.07060625 0.034027777777777775
2 0.1286890625 0.54435625 0.3097192708333333 0.07569444444444444
6 0.41546875 0.5328201388888889 0.035006875 0.04615090277777778
12 0.2613052083333333 0.4970923611111111 0.03937130208333333 0.04652777777777778
3 0.7748229166666667 0.5923555555555555 0.12307239583333333 0.049305555555555554
12 0.5709375 0.50390625 0.04209197916666666 0.04652777777777778
11 0.3576739583333334 0.9173611111111111 0.07089791666666666 0.03263888888888889
2 0.569890625 0.21767708333333333 0.3123109375 0.07569444444444444
3 0.714734375 0.3066597222222222 0.12477708333333333 0.048000347222222225
