8 0.5739583333333333 0.34179305555555556 0.121121875 0.15353680555555554
8 0.38283489583333336 0.4102972222222222 0.12346822916666667 0.14998402777777778
7 0.5640729166666667 0.6784131944444444 0.1202640625 0.10208333333333333
10 0.41762656249999996 0.2223395833333333 0.0918375 0.11635902777777776
10 0.7713697916666666 0.33265486111111114 0.08660416666666666 0.12667430555555556
2 0.28307760416666666 0.29011458333333334 0.3098958333333333 0.07430555555555556
0 0.6960520833333333 0.5220097222222222 0.3660515625 0.07569444444444444
6 0.49382447916666666 0.2902895833333333 0.03472203125 0.046411041666666666
9 0.2343442708333333 0.5935944444444444 0.047956458333333334 0.06346840277777778
4 0.614984375 0.17011111111111113 0.15352291666666668 0.06875
3 0.446240625 0.7359791666666666 0.11663749999999999 0.050694444444444445
9 0.6182395833333333 0.6778847222222222 0.04801114583333333 0.06146666666666667
12 0.4743640625 0.22753958333333332 0.03945328125 0.04513888888888889
5 0.7141093749999999 0.3289465277777778 0.15503385416666668 0.07152777777777777
11 0.3586984375 0.5109152777777778 0.07062552083333333 0.034027777777777775
12 0.44055625000000004 0.6467104166666667 0.04125145833333333 0.04513888888888889
1 0.2642463541666667 0.5750368055555556 0.49638229166666664 0.07554236111111111
11 0.3370828125 0.5832215277777778 0.07058020833333334 0.04097222222222222
