9 0.6318072916666666 0.6581916666666667 0.04594015625 0.06204520833333334
9 0.5416979166666667 0.7755902777777777 0.04645739583333333 0.06204347222222222
8 0.0843171875 0.42565625 0.12300833333333333 0.1642625
10 0.4510052083333333 0.6843736111111112 0.08848385416666667 0.1193375
8 0.663828125 0.323125 0.12010364583333333 0.15802777777777777
10 0.8189427083333333 0.2991125 0.0881203125 0.12019027777777778
5 0.6609791666666667 0.8006944444444445 0.1595359375 0.06933694444444445
0 0.5185369791666666 0.159375 0.3675614583333333 0.08442916666666667
1 0.7129270833333333 0.436875 0.4992755208333334 0.07847222222222222
0 0.4333666666666666 0.483125 0.3814208333333333 0.0798611111111111
4 0.2680359375 0.290625 0.15773802083333335 0.07112708333333334
5 0.21127447916666667 0.4217784722222222 0.157453125 0.07220972222222222
1 0.27705416666666666 0.760625 0.4965640625 0.08683541666666666
4 0.8251510416666666 0.688125 0.15989583333333332 0.06875
