8 0.50874375 0.5588701388888889 0.117621875 0.15752916666666666
8 0.3018916666666666 0.29205763888888886 0.12383958333333332 0.14892222222222223
10 0.5989583333333334 0.3726229166666667 0.09010416666666667 0.10980486111111111
5 0.1348921875 0.1578034722222222 0.16093645833333334 0.07143819444444444
10 0.2763713541666667 0.733548611111111 0.08735572916666667 0.12366041666666666
0 0.6584947916666667 0.8220902777777778 0.36704427083333335 0.08193819444444445
5 0.4826463541666667 0.7311944444444445 0.16041822916666665 0.0727111111111111
4 0.7466302083333333 0.6124006944444444 0.15334583333333332 0.06941416666666667
9 0.7064687500000001 0.4904909722222222 0.04401489583333333 0.057495
1 0.2807130208333334 0.8992291666666667 0.4986911458333333 0.07708333333333334
1 0.5206171875 0.15030069444444444 0.49825729166666666 0.07569444444444444
0 0.16526510416666668 0.5218458333333333 0.36781197916666664 0.08086041666666666
4 0.3433333333333334 0.4699979166666667 0.15148802083333335 0.06875
9 0.48456458333333335 0.2271284722222222 0.04566536458333333 0.05814638888888889
