8 0.20617760416666667 0.3325152777777778 0.11365572916666666 0.16455902777777778
8 0.6827552083333334 0.32811250000000003 0.11809479166666666 0.15398819444444445
10 0.5245729166666666 0.14961458333333333 0.09064531249999999 0.11940972222222221
10 0.41605156249999997 0.6611027777777778 0.08717083333333334 0.12147361111111112
11 0.586828125 0.3382583333333333 0.07097916666666666 0.03154180555555556
9 0.4624494791666667 0.4231194444444445 0.0453125 0.06458333333333334
9 0.35888854166666667 0.20785625 0.04492354166666667 0.060180694444444446
11 0.24510208333333333 0.5729652777777778 0.07383020833333333 0.03214458333333334
12 0.5966927083333334 0.571875 0.041375 0.04318305555555556
12 0.35420364583333336 0.46743958333333335 0.039887135416666664 0.04294395833333334
