8 0.1490739583333333 0.8637777777777778 0.11158229166666667 0.16097708333333333
8 0.341225 0.8017013888888889 0.112475 0.16216111111111112
10 0.22115677083333332 0.2349152777777778 0.09145364583333333 0.11192847222222221
10 0.5820520833333334 0.7401458333333333 0.0868421875 0.11875
11 0.09662291666666666 0.7228055555555555 0.06974062499999999 0.03263888888888889
11 0.49759583333333335 0.21364305555555557 0.07158125 0.03263888888888889
9 0.4116223958333334 0.6117173611111112 0.04387395833333333 0.06183277777777777
9 0.6077239583333333 0.46733680555555557 0.04523651041666667 0.061898125000000005
12 0.2839776041666667 0.4001263888888889 0.039606822916666666 0.043668125
12 0.5056276041666666 0.5289909722222222 0.040958802083333336 0.04097222222222222
