8 0.3707364583333333 0.6875527777777778 0.121825 0.15070138888888887
7 0.6215052083333333 0.5947791666666666 0.11940052083333333 0.10069444444444445
10 0.7776197916666666 0.42766736111111114 0.0874375 0.1233625
5 0.164665625 0.5749055555555556 0.15972604166666665 0.07152777777777777
6 0.3832817708333333 0.41762708333333337 0.033553124999999996 0.04530381944444444
11 0.4453802083333333 0.5131527777777778 0.07185364583333334 0.034027777777777775
4 0.17412604166666668 0.4567583333333333 0.15678229166666666 0.06736111111111111
9 0.6124635416666667 0.33513888888888893 0.04875567708333333 0.05763888888888889
1 0.5710312500000001 0.8020972222222222 0.4973958333333333 0.07708333333333334
11 0.2178614583333333 0.7521388888888888 0.03234786458333334 0.04375
2 0.5251458333333333 0.24226944444444445 0.3046875 0.07569444444444444
3 0.4819359375 0.14851875 0.12439739583333333 0.050694444444444445
0 0.19860833333333333 0.29344305555555555 0.36947083333333336 0.07569444444444444
