8 0.6809583333333333 0.5325361111111111 0.11488385416666666 0.16040694444444445
7 0.4886380208333333 0.7213819444444444 0.12116145833333333 0.09097222222222222
8 0.21630625 0.38200277777777775 0.12330416666666667 0.14810208333333333
10 0.38132604166666667 0.7200208333333333 0.08944322916666667 0.1187888888888889
10 0.36663697916666665 0.5834159722222222 0.09010416666666667 0.1155763888888889
9 0.5266562499999999 0.45830625 0.044270833333333336 0.06367854166666667
9 0.6119114583333333 0.6312736111111111 0.04635416666666667 0.062094305555555555
5 0.3357546875 0.8394166666666667 0.15783958333333334 0.07013888888888889
11 0.4142895833333334 0.44950486111111115 0.07144635416666666 0.03263888888888889
6 0.46158020833333335 0.25061041666666667 0.033854166666666664 0.04513888888888889
1 0.25565208333333334 0.6594444444444445 0.5003958333333334 0.07708333333333334
12 0.2682848958333333 0.26286875 0.040090312499999996 0.04652777777777778
4 0.5228645833333333 0.3239875 0.15364583333333334 0.06875
2 0.07015729166666666 0.6283458333333333 0.305425 0.07569444444444444
11 0.45637083333333334 0.868013888888889 0.07069635416666667 0.034027777777777775
3 0.377675 0.2821020833333333 0.11914270833333333 0.049305555555555554
0 0.567703125 0.70275 0.37015625 0.07569444444444444
12 0.13345572916666668 0.6128569444444445 0.03462739583333333 0.04513888888888889
