6 0.3026052083333333 0.32125000000000004 0.037083333333333336 0.04745465277777778
6 0.62575 0.4475 0.03333333333333333 0.04611861111111111
1 0.3331661458333333 0.511875 0.5068322916666667 0.07797291666666667
1 0.6858697916666666 0.526875 0.494846875 0.08313194444444444
0 0.5085171875 0.6743750000000001 0.36888072916666664 0.08282013888888888
0 0.4293588541666667 0.551875 0.3701125 0.08803125
7 0.5516041666666667 0.7568750000000001 0.11895520833333334 0.09493125
7 0.4273546875 0.265625 0.11936979166666667 0.10064513888888889
5 0.23396770833333333 0.639375 0.16063020833333336 0.071425
5 0.7540104166666667 0.693125 0.15827447916666668 0.07197361111111111
2 0.75 0.548125 0.3161125 0.06875
2 0.51553125 0.278125 0.30668072916666667 0.07448541666666667
4 0.6498020833333332 0.794375 0.1524109375 0.06972083333333333
4 0.29709427083333334 0.428125 0.1539557291666667 0.06697145833333333
3 0.5115229166666667 0.389375 0.12165416666666666 0.048965902777777785
3 0.5966927083333334 0.796875 0.11646979166666667 0.04779041666666667
