7 0.32235260416666667 0.27103958333333333 0.12187552083333333 0.09930555555555555
7 0.1808921875 0.7808402777777779 0.11822916666666666 0.09345
2 0.13324114583333332 0.47849305555555555 0.3072989583333333 0.07430555555555556
6 0.5150104166666667 0.6160284722222222 0.033854166666666664 0.04513888888888889
2 0.6516249999999999 0.1051986111111111 0.3108708333333333 0.07430555555555556
6 0.7231770833333333 0.40552361111111107 0.0353996875 0.04549868055555556
11 0.30717656249999997 0.5160083333333334 0.07132083333333333 0.034027777777777775
12 0.7414322916666667 0.7523055555555556 0.04173364583333334 0.04771125
11 0.2831140625 0.8900902777777778 0.07064791666666667 0.034616736111111115
3 0.36765885416666666 0.6878979166666667 0.12368177083333333 0.050694444444444445
3 0.5931614583333332 0.43293055555555554 0.12183802083333334 0.050694444444444445
12 0.46273177083333333 0.9102569444444444 0.040312135416666665 0.047241388888888895
