8 0.3845411458333333 0.8161875 0.12135416666666667 0.15069444444444444
7 0.8035 0.4581534722222222 0.11926041666666666 0.09930555555555555
10 0.3226776041666667 0.49678194444444446 0.08766510416666667 0.12199722222222222
4 0.4164296875 0.2792854166666667 0.15320416666666667 0.07013888888888889
6 0.6378489583333333 0.5094326388888889 0.033854166666666664 0.04704513888888889
9 0.6945052083333334 0.8508402777777778 0.05062130208333333 0.06314499999999999
0 0.7119583333333334 0.22974444444444445 0.36644010416666667 0.0833625
11 0.2754734375 0.6204104166666666 0.07347291666666668 0.03510527777777778
12 0.626796875 0.6431201388888889 0.039973072916666665 0.045871666666666665
5 0.8510364583333333 0.7780069444444444 0.15826145833333335 0.07152777777777777
3 0.5009734375 0.780701388888889 0.12383177083333334 0.049305555555555554
1 0.3853755208333334 0.6343979166666667 0.49947916666666664 0.07839444444444445
2 0.2599828125 0.33365555555555554 0.30831250000000004 0.0793826388888889
