7 0.30932447916666667 0.6956180555555556 0.1212421875 0.09930555555555555
7 0.7462552083333333 0.5925034722222222 0.12028020833333333 0.09930555555555555
6 0.5731770833333333 0.4818645833333333 0.034651666666666664 0.045225625
2 0.5063015625 0.7281875 0.3090395833333333 0.07430555555555556
6 0.59221875 0.6939715277777777 0.034266354166666665 0.04593395833333334
2 0.6037187500000001 0.26760069444444445 0.30875104166666667 0.07430555555555556
11 0.7777760416666666 0.3919763888888889 0.07330364583333333 0.03263888888888889
3 0.3682255208333334 0.15282361111111112 0.12552083333333333 0.050694444444444445
11 0.4132770833333333 0.6025951388888888 0.07270625 0.03582298611111111
12 0.2668432291666667 0.35870694444444445 0.041681875 0.04791666666666667
3 0.43633854166666663 0.3307340277777778 0.12560989583333332 0.04951534722222222
12 0.1940083333333333 0.47604652777777773 0.041171197916666666 0.04422854166666667
