8 0.7634895833333334 0.5799666666666667 0.12239583333333333 0.14930555555555555
8 0.21929427083333333 0.42702986111111113 0.12241250000000001 0.14978680555555557
10 0.540328125 0.16050347222222222 0.09114583333333333 0.11141458333333334
10 0.46112708333333335 0.7465763888888889 0.08730260416666667 0.11268402777777776
9 0.5934947916666666 0.4640152777777778 0.04635416666666667 0.058778472222222225
9 0.16490312499999998 0.6576055555555556 0.04828234375 0.06380791666666666
12 0.413003125 0.46434305555555555 0.04063869791666667 0.04513888888888889
11 0.6751406249999999 0.2757076388888889 0.06978802083333333 0.034027777777777775
11 0.31351822916666666 0.16577708333333332 0.07133385416666667 0.035416666666666666
12 0.3094572916666667 0.7664236111111111 0.039553750000000006 0.04195097222222222
