6 0.6347708333333333 0.4975 0.03520833333333333 0.04344659722222222
1 0.395290625 0.374375 0.50119375 0.07935
1 0.663828125 0.603125 0.4989359375 0.0756923611111111
0 0.7990989583333333 0.409375 0.3642828125 0.08169444444444444
0 0.4073145833333333 0.554375 0.3708046875 0.07709513888888889
2 0.7239479166666667 0.665625 0.3111776041666667 0.07259791666666666
2 0.5817135416666667 0.2856125 0.3072916666666667 0.0848451388888889
7 0.5035067708333333 0.23062500000000002 0.11970625 0.09408472222222222
7 0.49949895833333335 0.761875 0.12237291666666666 0.09981319444444445
5 0.6838697916666666 0.778125 0.14947916666666666 0.07013888888888889
5 0.3181364583333333 0.451875 0.15889791666666667 0.07223472222222223
4 0.4393786458333333 0.334375 0.14699479166666668 0.06416048611111111
4 0.3231463541666667 0.344375 0.1552625 0.06695618055555555
3 0.5415833333333333 0.378125 0.12216145833333333 0.05069013888888888
3 0.38627239583333334 0.696875 0.12340364583333334 0.052534583333333336
6 0.1616921875 0.49083194444444445 0.03191161458333333 0.020344791666666667
