9 0.47819791666666667 0.20277152777777777 0.0469853125 0.06429722222222221
9 0.20528802083333333 0.8119930555555556 0.047341822916666665 0.06499479166666666
10 0.35246770833333335 0.8555347222222223 0.08873697916666666 0.1171125
8 0.533484375 0.49897638888888884 0.11545156250000001 0.1498298611111111
8 0.39858125 0.33645694444444446 0.11456770833333334 0.15212291666666666
5 0.5891197916666666 0.7387083333333333 0.1589234375 0.06936590277777778
10 0.4607265625 0.6519423611111111 0.0909125 0.11334930555555557
5 0.6858697916666666 0.409375 0.16415 0.07291666666666667
0 0.3001 0.373125 0.3735833333333333 0.08263888888888889
1 0.423346875 0.47312499999999996 0.5024911458333333 0.07847222222222222
4 0.4561291666666667 0.7326180555555556 0.15399895833333332 0.06683
1 0.7439895833333333 0.488125 0.49820312499999997 0.09011597222222222
0 0.6227447916666667 0.449375 0.3703125 0.08063402777777778
4 0.487475 0.424375 0.1584890625 0.069008125
