8 0.3892786458333333 0.358125 0.11971979166666666 0.15069444444444444
8 0.5420833333333334 0.335625 0.11864583333333334 0.15967916666666665
10 0.27404791666666667 0.42874999999999996 0.08770833333333333 0.12360694444444445
10 0.4919838541666667 0.598125 0.085090625 0.11597222222222223
9 0.5718072916666667 0.8350069444444445 0.05260416666666667 0.06618652777777778
9 0.8762500000000001 0.45749999999999996 0.04833333333333333 0.06482270833333334
12 0.7520052083333333 0.526875 0.03878119791666667 0.04351361111111111
12 0.3822645833333333 0.7568750000000001 0.04569895833333334 0.042024791666666665
11 0.6477968749999999 0.7056250000000001 0.0736359375 0.037490833333333334
11 0.788078125 0.32937500000000003 0.07447916666666667 0.03368868055555555
