7 0.34813541666666664 0.19697708333333333 0.12047395833333334 0.09930555555555555
7 0.7897656249999999 0.2186284722222222 0.11945104166666667 0.09395138888888889
6 0.627921875 0.6181902777777778 0.03455463541666667 0.04397277777777778
2 0.15725416666666667 0.7321319444444444 0.30606093749999996 0.07430555555555556
6 0.26973854166666666 0.36249236111111116 0.034468541666666665 0.04493590277777778
11 0.51156875 0.766263888888889 0.07199270833333334 0.034027777777777775
2 0.7910625 0.42282569444444446 0.3139166666666667 0.0759888888888889
11 0.32909583333333337 0.7588541666666667 0.07283958333333333 0.03263888888888889
3 0.5052104166666667 0.39659375 0.12378385416666667 0.048159999999999994
3 0.36495 0.49559583333333335 0.12361927083333332 0.047798541666666666
12 0.5328125 0.6271958333333334 0.041026875000000004 0.04445388888888889
12 0.7895416666666667 0.5986881944444444 0.04222796875 0.044255625
