8 0.4473947916666667 0.318125 0.11971979166666666 0.14555555555555555
10 0.2870739583333333 0.764375 0.08385416666666666 0.11319444444444444
9 0.4478958333333333 0.13875 0.04833333333333333 0.06348666666666666
6 0.619390625 0.6780944444444444 0.03177083333333333 0.04652777777777778
6 0.8962812499999999 0.4241368055555555 0.033854166666666664 0.04181326388888889
0 0.6778541666666666 0.43062500000000004 0.36532760416666665 0.08089722222222223
1 0.6387760416666667 0.794375 0.495578125 0.07893263888888889
2 0.45717083333333336 0.7826111111111111 0.30428541666666664 0.07013888888888889
12 0.470440625 0.619375 0.042605 0.042024791666666665
11 0.24599218750000001 0.33687500000000004 0.07084114583333333 0.032066388888888894
4 0.35120260416666665 0.443125 0.15239583333333334 0.06482270833333334
4 0.6999010416666667 0.30562500000000004 0.15117395833333333 0.06687256944444445
3 0.602703125 0.554375 0.11988958333333333 0.04883520833333333
5 0.8201406250000001 0.665625 0.15483229166666668 0.07140763888888889
5 0.22394791666666666 0.614375 0.15536770833333333 0.07268333333333334
7 0.35721458333333334 0.24437499999999998 0.1203125 0.09791666666666667
7 0.7419843749999999 0.363125 0.11948333333333333 0.09330347222222223
