9 0.314590625 0.6215895833333334 0.04619755208333333 0.06132645833333334
9 0.8115364583333334 0.1794 0.0470671875 0.06213715277777778
8 0.5505989583333334 0.463125 0.129171875 0.15347222222222223
10 0.7196770833333334 0.6621645833333334 0.08913072916666667 0.11949166666666668
8 0.5980260416666667 0.8060277777777778 0.11599270833333333 0.15432847222222223
10 0.90490625 0.6692423611111111 0.0865453125 0.12097361111111112
4 0.8048854166666667 0.3738097222222222 0.1530234375 0.07064444444444444
4 0.239696875 0.7279791666666666 0.1509015625 0.06639736111111111
5 0.62475 0.253125 0.158178125 0.07279791666666666
0 0.2627333333333333 0.2800520833333333 0.3726140625 0.08272013888888889
1 0.42234479166666666 0.435625 0.49822239583333333 0.08255277777777778
5 0.28306614583333334 0.605625 0.162365625 0.07818263888888889
1 0.7459895833333333 0.523125 0.504990625 0.08364583333333334
0 0.4864729166666667 0.760625 0.37760052083333334 0.08111944444444444
