7 0.5553906249999999 0.2930125 0.11901822916666666 0.09449444444444445
7 0.4007015625 0.13422013888888887 0.11947864583333333 0.09164236111111111
6 0.666109375 0.4325597222222222 0.03341796875 0.044930000000000005
11 0.7410572916666667 0.5734597222222223 0.07014843750000001 0.03263888888888889
2 0.2276765625 0.3443923611111111 0.30913281249999996 0.07569444444444444
6 0.5917395833333334 0.6073138888888889 0.03490927083333333 0.0448375
11 0.37200572916666663 0.5768034722222222 0.0703 0.03263888888888889
2 0.7359739583333333 0.215625 0.31069114583333335 0.07559375
12 0.5207979166666666 0.47003680555555555 0.04150416666666667 0.04513888888888889
12 0.29709427083333334 0.713125 0.0390625 0.04406284722222222
3 0.30410833333333337 0.824375 0.12248333333333333 0.049249027777777774
3 0.5950729166666666 0.8623194444444444 0.1234375 0.046704027777777775
