7 0.19304531249999998 0.7367986111111111 0.12053958333333334 0.09930555555555555
7 0.5095338541666666 0.40172569444444445 0.1253953125 0.101675
6 0.6175885416666667 0.49634930555555556 0.034521145833333336 0.04497986111111111
12 0.348875 0.4434354166666667 0.042484895833333335 0.04652777777777778
6 0.3496666666666667 0.6540784722222223 0.03475296875 0.04524034722222223
11 0.58465625 0.6461909722222222 0.07242552083333333 0.035416666666666666
2 0.20037083333333333 0.3855854166666667 0.30949062499999996 0.07569444444444444
11 0.83909375 0.5652166666666667 0.07239583333333334 0.03263888888888889
2 0.4093661458333333 0.2228277777777778 0.30813906249999995 0.07569444444444444
12 0.7113385416666667 0.2668888888888889 0.040794427083333334 0.04465625
3 0.6141145833333332 0.16390694444444445 0.1227578125 0.047872013888888884
3 0.4639010416666667 0.7541875 0.12255989583333333 0.04810444444444444
