9 0.687875 0.569375 0.05166567708333333 0.06368708333333334
9 0.522546875 0.271875 0.04870447916666667 0.07028819444444445
8 0.7660312499999999 0.891875 0.1268625 0.15855694444444446
8 0.3912828125 0.675625 0.12369583333333334 0.15847291666666666
4 0.3181364583333333 0.290625 0.15591354166666666 0.06736111111111111
10 0.549265625 0.6464125 0.08663177083333333 0.12261875
10 0.2148380208333333 0.5790472222222222 0.08712291666666667 0.12203611111111111
4 0.6298020833333333 0.8040138888888889 0.15139375 0.06820770833333333
0 0.45741458333333335 0.578125 0.3719286458333333 0.08314375
5 0.774046875 0.703125 0.16397291666666666 0.06747611111111111
1 0.16983958333333332 0.320625 0.499221875 0.08205902777777778
5 0.5925677083333334 0.47049583333333334 0.15899375 0.0721
0 0.30310625 0.820625 0.37217187500000004 0.08034305555555556
1 0.7139270833333333 0.365625 0.5014729166666666 0.08060624999999999
