7 0.637921875 0.39860694444444444 0.120259375 0.09930555555555555
7 0.19005468749999999 0.2947722222222222 0.1235046875 0.10008750000000001
6 0.8128124999999999 0.5642118055555556 0.034563489583333336 0.04514284722222223
11 0.39302291666666667 0.21326944444444446 0.07270572916666666 0.034027777777777775
6 0.5751041666666666 0.7620069444444444 0.03548552083333333 0.04623298611111112
12 0.36009583333333334 0.7161527777777777 0.04281901041666667 0.04791666666666667
11 0.7263125 0.6456986111111112 0.07188802083333333 0.034027777777777775
2 0.770390625 0.22044305555555554 0.30299010416666666 0.07569444444444444
2 0.22989166666666666 0.57879375 0.3145838541666667 0.07569444444444444
3 0.523296875 0.6657534722222221 0.12201041666666666 0.049332152777777784
3 0.4492567708333333 0.8471597222222222 0.12432552083333334 0.04937729166666667
12 0.3854588541666667 0.5371263888888889 0.04206989583333333 0.046072222222222216
