6 0.5666354166666667 0.514375 0.034270833333333334 0.048790625
6 0.3491984375 0.879375 0.034270833333333334 0.04611861111111111
0 0.6688385416666667 0.856875 0.3630979166666667 0.07848263888888889
0 0.3902807291666667 0.499375 0.374496875 0.08109722222222222
1 0.835171875 0.534375 0.49098906249999996 0.07546805555555557
1 0.35721458333333334 0.519375 0.4951208333333333 0.07738819444444443
2 0.5516041666666667 0.731875 0.308265625 0.07791319444444444
2 0.6658333333333334 0.284375 0.3033651041666667 0.07837916666666667
3 0.473446875 0.499375 0.11933229166666666 0.050059374999999996
3 0.48246510416666666 0.834375 0.12454270833333334 0.05064625
4 0.8311614583333333 0.6581250000000001 0.14737395833333336 0.06656263888888889
4 0.6387760416666667 0.21437499999999998 0.15060520833333332 0.06959236111111111
5 0.35721458333333334 0.6893750000000001 0.15369895833333333 0.06815090277777777
5 0.5936875 0.396875 0.1563921875 0.06938777777777778
7 0.7620260416666667 0.670625 0.121290625 0.0983986111111111
7 0.7860729166666667 0.760625 0.11992864583333333 0.09743055555555556
