8 0.434953125 0.34293819444444446 0.12201145833333334 0.15016041666666666
7 0.5957291666666666 0.27281388888888886 0.12256093750000001 0.09930555555555555
10 0.6595937500000001 0.6012326388888889 0.09109635416666667 0.11694930555555556
4 0.63625 0.807548611111111 0.15067760416666667 0.07013888888888889
6 0.37081250000000004 0.6538152777777778 0.0328125 0.04513888888888889
5 0.2919713541666667 0.4804236111111111 0.16317187500000002 0.07152777777777777
11 0.511065625 0.7582222222222221 0.06963072916666667 0.03263888888888889
2 0.361890625 0.7699166666666667 0.31081614583333333 0.07430555555555556
3 0.513209375 0.5721430555555556 0.12645625 0.050694444444444445
1 0.7653802083333333 0.37248611111111113 0.4948515625 0.07847222222222222
9 0.16136302083333334 0.516595138888889 0.04523359375 0.059274236111111114
0 0.32616510416666666 0.22621111111111114 0.36911354166666666 0.0824513888888889
12 0.6505520833333333 0.43900972222222223 0.0392240625 0.04477305555555556
