6 0.3587171875 0.48125 0.03520833333333333 0.044782638888888886
6 0.8722447916666667 0.43062500000000004 0.036145833333333335 0.048790625
1 0.4493989583333333 0.324375 0.49998489583333333 0.08234722222222222
0 0.4043088541666667 0.273125 0.37388489583333334 0.081525
1 0.7099218749999999 0.353125 0.5011848958333334 0.07387291666666666
0 0.70390625 0.600625 0.37205156250000004 0.08133402777777778
2 0.7800625 0.179375 0.31414427083333335 0.07138402777777778
2 0.44639270833333333 0.766875 0.3122 0.07741319444444444
7 0.7940885416666668 0.583125 0.1224328125 0.10155486111111112
7 0.3882765625 0.6381249999999999 0.12015052083333333 0.09561319444444444
5 0.5666354166666667 0.826875 0.15649791666666665 0.06818847222222223
4 0.5756510416666667 0.766875 0.15240833333333334 0.06998541666666666
4 0.5415833333333333 0.570625 0.14887604166666665 0.061314375
3 0.46543072916666667 0.738125 0.1243296875 0.044890069444444444
3 0.570640625 0.49562500000000004 0.12333489583333333 0.04866416666666667
5 0.7159322916666666 0.304375 0.15614322916666667 0.06895291666666667
