7 0.27458177083333335 0.35612847222222227 0.1194546875 0.09930555555555555
7 0.30907291666666664 0.5974340277777778 0.1235 0.10117013888888889
6 0.4437786458333333 0.5955923611111111 0.034280624999999995 0.04525493055555556
2 0.06775625 0.48639444444444446 0.3046875 0.07700625
2 0.4886859375 0.12193333333333334 0.30885416666666665 0.07569444444444444
6 0.6519947916666666 0.4246180555555556 0.035126354166666665 0.04509263888888889
11 0.2160109375 0.5111986111111111 0.07530833333333334 0.03263888888888889
3 0.5101041666666667 0.28807083333333333 0.12110208333333333 0.052083333333333336
11 0.19385520833333333 0.8755347222222222 0.07194947916666666 0.035416666666666666
12 0.6525729166666667 0.7334791666666667 0.04285453125 0.04375
12 0.3814213541666666 0.9074930555555555 0.039282656250000006 0.04452798611111111
3 0.1631171875 0.7285416666666666 0.12552083333333333 0.04791666666666667
