7 0.8901718750000001 0.25715625000000003 0.11808541666666666 0.09791666666666667
8 0.7839739583333334 0.6111590277777778 0.12135416666666667 0.14930555555555555
10 0.38728281249999996 0.33041180555555555 0.09087239583333333 0.11836250000000001
7 0.608546875 0.7863611111111111 0.11747031250000001 0.09930555555555555
5 0.45429791666666663 0.10180555555555555 0.1554421875 0.06874590277777778
6 0.47403854166666665 0.5165347222222222 0.033854166666666664 0.04513888888888889
4 0.67765625 0.8218680555555555 0.14822083333333333 0.07013888888888889
9 0.8540104166666667 0.4737923611111111 0.048596302083333334 0.06271
6 0.45362239583333336 0.8656041666666667 0.0359375 0.04513888888888889
5 0.41592083333333335 0.6454375 0.15788697916666666 0.0728125
11 0.7946770833333333 0.1577361111111111 0.07225885416666666 0.034027777777777775
1 0.475253125 0.3936131944444444 0.4913598958333333 0.07947083333333334
2 0.6188020833333333 0.2635326388888889 0.3081375 0.07430555555555556
3 0.5539583333333333 0.5698777777777778 0.11194375 0.04786409722222222
12 0.550265625 0.4086138888888889 0.04229890625 0.04652777777777778
4 0.86003125 0.40085000000000004 0.14913489583333334 0.06597222222222222
0 0.5743802083333333 0.6144375 0.36581354166666663 0.08169861111111111
