8 0.4232203125 0.22366666666666665 0.1225359375 0.14791666666666667
7 0.5968385416666667 0.11960555555555555 0.11799322916666667 0.10069444444444445
10 0.7119010416666666 0.4717902777777778 0.0893859375 0.11863541666666667
5 0.6393177083333333 0.7997430555555556 0.15523333333333333 0.07152777777777777
9 0.47988854166666667 0.35635138888888884 0.0453125 0.06305326388888889
6 0.36552291666666664 0.47809375000000004 0.03477255208333333 0.04521201388888889
0 0.5471666666666667 0.6750611111111111 0.36614583333333334 0.08083819444444444
2 0.7821145833333334 0.3345284722222222 0.305478125 0.07847222222222222
1 0.8560104166666667 0.63748125 0.497959375 0.07569444444444444
11 0.35607916666666667 0.39508750000000004 0.07224635416666667 0.034027777777777775
4 0.5158526041666667 0.5297944444444445 0.1536890625 0.06736111111111111
3 0.3551479166666667 0.5237590277777777 0.12318854166666666 0.04791666666666667
12 0.38415364583333333 0.8565069444444444 0.04172927083333333 0.04370090277777778
