9 0.22039010416666666 0.11177152777777777 0.04770989583333333 0.06521972222222222
9 0.30450677083333333 0.686857638888889 0.04632322916666667 0.06388576388888889
8 0.6675416666666667 0.2694965277777778 0.1186296875 0.15324374999999998
8 0.47099166666666664 0.34102638888888887 0.11805312500000001 0.1547486111111111
4 0.9251302083333334 0.5806055555555556 0.1520875 0.06769069444444444
10 0.39393802083333335 0.10017569444444444 0.09095729166666668 0.11562986111111112
10 0.5770833333333333 0.8710416666666666 0.08719791666666667 0.12377291666666666
5 0.8517343749999999 0.3137201388888889 0.157721875 0.07040833333333334
4 0.4513796875 0.8547291666666667 0.15149739583333333 0.06851416666666667
0 0.633765625 0.633125 0.3697265625 0.08125
0 0.3582166666666666 0.594375 0.3710364583333333 0.08611527777777778
1 0.749 0.09187500000000001 0.4901317708333333 0.08194097222222223
5 0.15681354166666667 0.488125 0.16073281250000002 0.07013888888888889
1 0.21593177083333334 0.6231249999999999 0.5041723958333333 0.085725
