8 0.1390078125 0.8484513888888888 0.12342291666666667 0.15336805555555555
8 0.331059375 0.5681118055555555 0.1159015625 0.1577076388888889
10 0.3162270833333333 0.8080416666666667 0.08881666666666667 0.11396388888888889
10 0.1941984375 0.22972777777777778 0.09360729166666666 0.1124361111111111
9 0.20044322916666665 0.4226833333333333 0.044481875 0.060848125
9 0.4327390625 0.2930111111111111 0.04635416666666667 0.05625
12 0.32759166666666667 0.3570875 0.040262135416666664 0.04258444444444444
11 0.11514895833333334 0.43163124999999997 0.07149270833333334 0.03225215277777778
11 0.3134765625 0.20891666666666664 0.07125260416666666 0.03263888888888889
12 0.16683385416666668 0.6118750000000001 0.038396197916666666 0.044171527777777775
