8 0.3294052083333333 0.6692965277777778 0.12108489583333333 0.15771458333333335
8 0.5875260416666667 0.6968194444444444 0.123834375 0.1500513888888889
10 0.7478802083333334 0.5072611111111112 0.0921875 0.1051
10 0.10544947916666667 0.5362604166666667 0.08887291666666666 0.12194930555555555
7 0.40407760416666666 0.1486361111111111 0.11890885416666667 0.09431527777777778
2 0.2188953125 0.3375708333333333 0.31142864583333335 0.07430555555555556
6 0.5637395833333334 0.40348680555555555 0.033854166666666664 0.043775416666666664
9 0.6495729166666667 0.5554923611111111 0.044270833333333336 0.06305555555555556
9 0.644 0.28424305555555557 0.04435677083333334 0.05783180555555555
5 0.4895567708333333 0.68500625 0.15722552083333333 0.07291666666666667
0 0.6942083333333334 0.33812430555555556 0.3663109375 0.08311388888888889
11 0.49957395833333335 0.4319027777777778 0.07186875 0.034027777777777775
12 0.4301864583333333 0.6566138888888889 0.0328125 0.04375
3 0.36695208333333335 0.27924930555555555 0.12185 0.050694444444444445
4 0.34965104166666666 0.43722916666666667 0.15146354166666667 0.06973819444444444
12 0.5221666666666667 0.5879604166666667 0.04010416666666667 0.04297388888888889
1 0.3678489583333333 0.8139722222222221 0.49563906249999995 0.07708333333333334
