8 0.7040885416666666 0.6154020833333333 0.11822916666666666 0.15347222222222223
8 0.5150625 0.2031027777777778 0.12135416666666667 0.15220763888888889
10 0.6454947916666666 0.1818326388888889 0.08879791666666666 0.12143194444444444
10 0.4366375 0.7531944444444444 0.08478229166666668 0.12013888888888889
9 0.3374125 0.5432333333333333 0.04709942708333333 0.06191909722222222
11 0.8708906249999999 0.5507909722222222 0.07091458333333334 0.03149298611111111
9 0.4397854166666667 0.41204999999999997 0.044270833333333336 0.05625
12 0.7396822916666667 0.4114201388888889 0.03854354166666667 0.043621597222222225
11 0.31404895833333335 0.38910208333333335 0.0729984375 0.03235416666666667
12 0.5491614583333334 0.5846472222222222 0.04055010416666667 0.04305180555555555
