9 0.32790729166666666 0.2926479166666667 0.046174270833333336 0.06112312500000001
8 0.68403125 0.49377847222222226 0.11377083333333333 0.1579340277777778
12 0.538796875 0.5392097222222222 0.048662239583333336 0.04791666666666667
10 0.4187197916666667 0.15758958333333334 0.08704114583333333 0.11997777777777778
6 0.5624635416666667 0.14677430555555554 0.03430697916666667 0.044743819444444444
11 0.8207760416666667 0.6132319444444444 0.07392395833333333 0.03192791666666667
4 0.23697395833333335 0.500625 0.15612291666666664 0.06736111111111111
3 0.3582166666666666 0.7256250000000001 0.12204270833333333 0.04791666666666667
1 0.8401822916666667 0.309375 0.48843177083333333 0.07708333333333334
5 0.43155208333333334 0.4407520833333333 0.16022916666666667 0.07204513888888889
2 0.5746510416666666 0.6856249999999999 0.31057395833333334 0.07430555555555556
0 0.19789583333333333 0.243125 0.36614583333333334 0.08263888888888889
7 0.6457916666666667 0.286875 0.1203125 0.09652777777777778
