8 0.5151197916666667 0.5297326388888889 0.11188020833333333 0.15486111111111112
7 0.3556854166666667 0.7283055555555555 0.11768541666666667 0.09860763888888889
10 0.7195520833333333 0.43466666666666665 0.0890625 0.12013888888888889
9 0.44493958333333333 0.6391909722222222 0.04635416666666667 0.06319444444444444
7 0.42941562499999997 0.5484041666666667 0.1191875 0.09688333333333334
5 0.6933020833333334 0.6370805555555555 0.159090625 0.06892506944444445
6 0.60403125 0.1959027777777778 0.033593125 0.045525972222222225
5 0.6413802083333333 0.6964444444444444 0.15351197916666667 0.06875
6 0.4313505208333333 0.8194652777777778 0.0336665625 0.041709027777777775
4 0.4767151041666667 0.27799027777777774 0.14982864583333333 0.06978402777777779
12 0.658421875 0.8399305555555555 0.039901041666666665 0.04574291666666667
0 0.5852239583333334 0.60328125 0.36538593750000004 0.08263888888888889
1 0.4721927083333333 0.20931041666666667 0.49390104166666665 0.07766527777777778
2 0.30118385416666665 0.3807520833333333 0.30921770833333334 0.07430555555555556
4 0.5149197916666667 0.8135486111111111 0.14635416666666667 0.06736111111111111
11 0.3892203125 0.29032569444444445 0.07287395833333334 0.034081319444444445
3 0.24033072916666667 0.5043673611111111 0.12136562499999999 0.04891354166666667
