9 0.6510885416666666 0.40307152777777777 0.04794489583333333 0.06320458333333333
9 0.5723489583333333 0.29419652777777777 0.04726166666666667 0.06681347222222223
10 0.89128125 0.451875 0.09567135416666667 0.11736111111111111
8 0.6732395833333332 0.7527569444444444 0.12126614583333332 0.1466625
10 0.48896875 0.6201645833333334 0.08802552083333333 0.1185576388888889
8 0.3774192708333333 0.7648402777777777 0.12015104166666667 0.15156805555555555
5 0.26917291666666665 0.29976736111111113 0.15727239583333336 0.07065138888888889
0 0.7830677083333334 0.556875 0.36942864583333335 0.08764305555555556
0 0.11573125000000001 0.553125 0.371765625 0.09009236111111112
4 0.41432864583333334 0.496875 0.1553828125 0.07413680555555556
5 0.5888020833333333 0.4308458333333333 0.15885416666666666 0.06875
4 0.39400572916666665 0.1488951388888889 0.15867447916666666 0.07549305555555555
1 0.24799583333333333 0.578125 0.5000083333333333 0.08273402777777777
1 0.6898802083333333 0.204375 0.4915046875 0.09079236111111112
