8 0.5724791666666668 0.18920625 0.12090989583333332 0.14586597222222222
7 0.3015875 0.40150625 0.12189895833333333 0.09930555555555555
10 0.35329479166666666 0.10745833333333334 0.0916078125 0.11857291666666667
9 0.4485395833333333 0.39074375000000006 0.04529208333333334 0.059901875
2 0.19151718750000002 0.6015451388888889 0.3067708333333333 0.07851666666666667
5 0.3647927083333334 0.6880201388888889 0.1562557291666667 0.07291666666666667
6 0.2309890625 0.2969465277777778 0.033854166666666664 0.04513888888888889
0 0.6832760416666667 0.6017541666666666 0.36614583333333334 0.08501944444444444
4 0.22882395833333333 0.16062083333333335 0.15664114583333333 0.07013888888888889
11 0.07531197916666667 0.38576874999999994 0.07254166666666667 0.034716875
1 0.6387604166666667 0.4035326388888889 0.5005364583333333 0.07708333333333334
3 0.5197635416666667 0.3268229166666667 0.12648697916666665 0.05095361111111111
12 0.4541057291666667 0.10488055555555555 0.04079458333333333 0.045752013888888894
