8 0.37925833333333336 0.331875 0.12052083333333334 0.15567083333333334
8 0.5701406250000001 0.543125 0.11677083333333332 0.15433472222222222
10 0.5160322916666666 0.838125 0.09052083333333334 0.1142548611111111
10 0.6001979166666668 0.121875 0.09427083333333333 0.12029375
9 0.7920833333333334 0.24437499999999998 0.051145833333333335 0.06749472222222222
9 0.8216458333333333 0.8 0.04458333333333333 0.06615868055555556
11 0.7129270833333333 0.680625 0.071875 0.03537986111111111
11 0.35435 0.5875770833333334 0.07074583333333333 0.031528125000000004
12 0.7279583333333334 0.454375 0.040345 0.04598368055555555
12 0.9014062500000001 0.9297152777777777 0.04016666666666667 0.04501131944444444
