8 0.2985140625 0.1075826388888889 0.11822291666666666 0.15841041666666666
7 0.5042442708333333 0.8751875 0.1212859375 0.09930555555555555
10 0.49663541666666666 0.6228222222222223 0.08842604166666666 0.12253750000000001
6 0.4218296875 0.4390326388888889 0.033854166666666664 0.04513888888888889
5 0.116209375 0.38788680555555555 0.15710572916666665 0.07291666666666667
1 0.25818697916666666 0.40827222222222226 0.5002572916666667 0.07708333333333334
9 0.5089651041666666 0.15032638888888888 0.04676109375 0.06065166666666666
4 0.6388750000000001 0.5241659722222222 0.15408489583333335 0.06834597222222222
0 0.78671875 0.3538090277777778 0.37332864583333336 0.07708333333333334
11 0.6727135416666666 0.7434791666666666 0.07546041666666665 0.03370083333333333
2 0.2389796875 0.7618194444444444 0.30904739583333335 0.07569444444444444
3 0.5258177083333334 0.33204652777777777 0.12273072916666666 0.04780354166666667
12 0.3698838541666667 0.2869041666666667 0.04010416666666667 0.043951111111111114
