7 0.524546875 0.866875 0.11955208333333332 0.09930555555555555
7 0.44839687500000003 0.566875 0.11783697916666667 0.09930555555555555
5 0.3668901041666667 0.8876319444444445 0.1576729166666667 0.07152777777777777
6 0.8471145833333333 0.6602277777777777 0.03529375 0.044999652777777774
5 0.4785692708333333 0.35526041666666663 0.1565328125 0.07152777777777777
4 0.31112239583333334 0.221875 0.1484375 0.06875
4 0.5976979166666666 0.519375 0.14943489583333333 0.07013888888888889
0 0.33717447916666665 0.681875 0.3685203125 0.08243402777777778
0 0.23496979166666668 0.848125 0.37906718749999996 0.0821125
6 0.30617395833333333 0.15705347222222224 0.035472500000000004 0.044818194444444445
2 0.6738489583333334 0.624375 0.3072546875 0.07446875
2 0.7630260416666667 0.29562499999999997 0.30721197916666665 0.07253888888888889
1 0.5405833333333334 0.22437500000000002 0.4973354166666667 0.07593333333333332
1 0.1688375 0.530625 0.5012572916666667 0.07959652777777777
3 0.2980963541666667 0.49312500000000004 0.11862291666666666 0.05087854166666667
3 0.1898796875 0.198125 0.12536041666666667 0.050694444444444445
