7 0.5988489583333333 0.2318451388888889 0.11755833333333333 0.09930555555555555
7 0.6453645833333332 0.44814305555555556 0.11822916666666666 0.09375
5 0.771125 0.36493194444444443 0.1564453125 0.07152777777777777
5 0.33206458333333333 0.31435555555555555 0.1533609375 0.0687563888888889
6 0.4613109375 0.7432361111111111 0.030729635416666668 0.04513888888888889
4 0.23110624999999999 0.4306701388888889 0.1578125 0.06816881944444445
3 0.20632760416666668 0.2558048611111111 0.12154322916666667 0.049305555555555554
1 0.812125 0.6118750000000001 0.49172604166666667 0.07708333333333334
0 0.25500989583333333 0.526875 0.37447916666666664 0.08219097222222223
6 0.5507708333333333 0.15882708333333334 0.030729791666666666 0.04375
2 0.45140260416666667 0.126875 0.3061588541666667 0.07569444444444444
4 0.6127239583333334 0.809375 0.1514265625 0.06875
1 0.3612223958333333 0.23812499999999998 0.5042552083333333 0.07847222222222222
2 0.3321645833333333 0.656875 0.305925 0.07353055555555556
0 0.57865625 0.548125 0.3700713541666667 0.08158472222222223
3 0.742984375 0.226875 0.1203125 0.049305555555555554
