9 0.7826145833333332 0.5201590277777778 0.04631223958333333 0.061437361111111116
9 0.6431614583333333 0.7784027777777779 0.045877916666666664 0.062482083333333334
8 0.30855416666666663 0.8038194444444444 0.12227135416666667 0.14921944444444446
10 0.435865625 0.37356319444444447 0.09147447916666666 0.11493125
8 0.5902604166666666 0.4439583333333333 0.11754010416666666 0.15623958333333335
10 0.19939947916666664 0.6485951388888889 0.08704322916666667 0.12074722222222223
4 0.9263541666666666 0.605625 0.15543020833333332 0.06736111111111111
4 0.7650312499999999 0.806875 0.15938854166666666 0.07412847222222223
0 0.759015625 0.08812500000000001 0.3798682291666667 0.08412569444444445
5 0.8021041666666666 0.683125 0.16570052083333334 0.07013888888888889
0 0.13343854166666666 0.4318756944444444 0.3769921875 0.09296666666666667
1 0.4694390625 0.739375 0.49419270833333334 0.0800576388888889
5 0.5986979166666667 0.710625 0.15677083333333333 0.07152777777777777
1 0.5566145833333334 0.168125 0.49562187500000005 0.08284166666666667
