8 0.29233489583333333 0.5995416666666666 0.119621875 0.15375833333333333
7 0.42093697916666667 0.7837777777777778 0.11862552083333333 0.09930555555555555
10 0.75096875 0.3601729166666667 0.08900729166666667 0.118825
6 0.57834375 0.6153118055555555 0.033760520833333335 0.044894305555555555
11 0.6216875000000001 0.17876180555555554 0.07252291666666667 0.034027777777777775
5 0.4784453125 0.5496861111111111 0.15910364583333333 0.07308194444444445
4 0.44511875 0.37158541666666667 0.1519859375 0.06875
9 0.5314687499999999 0.9338958333333333 0.04671708333333333 0.06673201388888889
1 0.8891354166666667 0.36475625 0.4909411458333333 0.07569444444444444
0 0.7657708333333333 0.7087569444444445 0.3675541666666666 0.08427013888888889
12 0.5931614583333332 0.37676666666666664 0.04078338541666667 0.04652777777777778
2 0.3732463541666667 0.231875 0.31910468750000004 0.07569444444444444
3 0.6115885416666667 0.8068055555555556 0.12212864583333333 0.05074888888888889
