8 0.11854427083333333 0.4340569444444445 0.12139270833333334 0.15004444444444445
8 0.36266406250000005 0.5997361111111111 0.1125078125 0.15462847222222223
10 0.4118234375 0.23625 0.0890625 0.12172638888888888
10 0.14478958333333333 0.665 0.08929947916666667 0.11567083333333333
9 0.21042083333333333 0.30125 0.050208333333333334 0.06348666666666666
9 0.571140625 0.81625 0.050208333333333334 0.06615868055555556
12 0.5821875 0.5093284722222222 0.041338281250000004 0.045312152777777774
12 0.5365729166666667 0.258125 0.04025385416666667 0.042024791666666665
11 0.30611197916666666 0.351875 0.0772890625 0.035416666666666666
11 0.3231463541666667 0.858125 0.07583072916666667 0.034027777777777775
