8 0.605515625 0.6949097222222222 0.11947083333333333 0.15522430555555555
8 0.5063666666666667 0.10681805555555557 0.11921875 0.15378472222222223
10 0.21955729166666668 0.5095972222222223 0.08879687500000001 0.11970833333333333
10 0.3821671875 0.18734513888888887 0.08563697916666667 0.12344652777777779
4 0.46868072916666664 0.9256805555555556 0.15846458333333333 0.06875
9 0.3685348958333333 0.35622847222222226 0.045040989583333337 0.058459444444444446
5 0.3021041666666667 0.400625 0.16010260416666666 0.08825
4 0.7664583333333332 0.6995625 0.15747031250000001 0.06881784722222223
9 0.48673072916666665 0.7390763888888888 0.04537588541666667 0.05857430555555555
5 0.6347708333333333 0.8756250000000001 0.1643421875 0.07152777777777777
1 0.4968885416666666 0.36804652777777774 0.49413124999999997 0.07504583333333334
0 0.4213427083333333 0.573125 0.3723958333333333 0.08125
1 0.45841666666666664 0.620625 0.49785833333333335 0.09377152777777778
0 0.7960572916666667 0.5048236111111112 0.376371875 0.08570972222222221
