9 0.35473072916666665 0.5274881944444444 0.0468684375 0.06333194444444444
9 0.4679140625 0.43676111111111116 0.04736083333333333 0.0649604861111111
8 0.438059375 0.2381902777777778 0.12171927083333332 0.15085069444444443
10 0.31763906249999996 0.3442701388888889 0.08795885416666667 0.12214375
8 0.45871249999999997 0.6697375 0.11665260416666667 0.15903055555555554
10 0.557921875 0.84375 0.09054322916666666 0.12056041666666667
4 0.7650312499999999 0.385625 0.15945208333333336 0.06736111111111111
4 0.395290625 0.863125 0.16092083333333335 0.06597222222222222
1 0.5836666666666667 0.625625 0.5067614583333333 0.07708333333333334
5 0.6966145833333334 0.13905277777777778 0.16040260416666668 0.07013888888888889
0 0.23196406249999998 0.331875 0.378225 0.08575833333333334
1 0.2910822916666667 0.706875 0.5039984375000001 0.08217847222222223
5 0.6277552083333333 0.428125 0.1612828125 0.07430555555555556
0 0.67084375 0.41312499999999996 0.3660859375 0.08263888888888889
