9 0.27636979166666664 0.7312708333333333 0.05493229166666667 0.06180555555555556
9 0.1282421875 0.4846715277777778 0.048260520833333334 0.06395569444444445
10 0.7650312499999999 0.465625 0.08802083333333334 0.12013888888888889
8 0.42728750000000004 0.27251597222222224 0.1119890625 0.15536250000000001
8 0.3353776041666666 0.51805625 0.11488958333333334 0.15872916666666667
10 0.17870572916666666 0.2502409722222222 0.09079322916666667 0.11518819444444445
0 0.664828125 0.356875 0.3707994791666666 0.08263888888888889
0 0.45941875 0.733125 0.3704791666666667 0.08335902777777779
5 0.379015625 0.7663958333333333 0.15833124999999998 0.07133680555555555
4 0.6267552083333333 0.455625 0.1556958333333333 0.07224722222222223
1 0.751 0.628125 0.4959776041666667 0.08094652777777778
4 0.5274583333333334 0.1093888888888889 0.15871666666666667 0.06736111111111111
5 0.648796875 0.166875 0.16992239583333332 0.07013888888888889
1 0.2520041666666667 0.355625 0.5084239583333333 0.08402222222222222
