8 0.523109375 0.13065 0.11288229166666668 0.16124097222222222
8 0.5375260416666666 0.867638888888889 0.1193828125 0.155675
10 0.79109375 0.4785479166666667 0.09010416666666667 0.11508333333333333
10 0.342121875 0.5125708333333333 0.08832916666666667 0.11981597222222222
9 0.3383088541666667 0.11114722222222222 0.044270833333333336 0.066186875
9 0.5819583333333332 0.6197972222222222 0.046608177083333334 0.061059444444444444
11 0.7387916666666666 0.68024375 0.07295260416666666 0.03366597222222222
12 0.29328125 0.32331944444444444 0.042361093749999995 0.04746986111111111
12 0.5394322916666667 0.3883666666666667 0.0421003125 0.04513888888888889
11 0.7307239583333334 0.1864277777777778 0.0735515625 0.03525361111111111
