7 0.26379895833333333 0.7124097222222221 0.12007604166666666 0.09930555555555555
7 0.83021875 0.2889097222222222 0.11942291666666667 0.10069444444444445
6 0.6649947916666666 0.3704618055555556 0.03491932291666667 0.04503854166666667
6 0.4405744791666667 0.2469013888888889 0.03530885416666667 0.04527506944444445
2 0.664484375 0.1274590277777778 0.31197916666666664 0.07569444444444444
11 0.4412234375 0.6977222222222222 0.07051458333333334 0.034027777777777775
3 0.628640625 0.6902465277777778 0.12115156249999999 0.050694444444444445
11 0.5442708333333334 0.5519576388888888 0.07370052083333332 0.03263888888888889
2 0.27029791666666664 0.36387847222222225 0.3140625 0.07569444444444444
3 0.3959536458333333 0.36867916666666667 0.12348072916666666 0.050694444444444445
12 0.7444791666666667 0.5195180555555555 0.040747708333333334 0.044133958333333334
12 0.57925 0.3624131944444444 0.04256354166666666 0.04468118055555556
