8 0.4685380208333333 0.2703277777777778 0.10735937499999999 0.1577486111111111
10 0.8562864583333333 0.4527819444444444 0.08678020833333333 0.12013888888888889
8 0.6871197916666667 0.28710416666666666 0.12239583333333333 0.14791666666666667
10 0.30065156249999997 0.46997777777777777 0.09010416666666667 0.10841250000000001
9 0.48780572916666665 0.6347840277777779 0.0453125 0.05548243055555556
11 0.6812760416666667 0.7159722222222222 0.07007916666666666 0.03263888888888889
9 0.2369125 0.26068888888888886 0.04417463541666666 0.06228715277777778
11 0.41017604166666666 0.5975444444444444 0.07186041666666668 0.034027777777777775
12 0.4807166666666667 0.5013055555555556 0.04010416666666667 0.04455826388888889
12 0.211740625 0.6400493055555556 0.04061166666666667 0.04151645833333333
