8 0.29434739583333336 0.7356597222222222 0.11366145833333333 0.15763888888888888
7 0.5325 0.6113868055555556 0.11919166666666667 0.09408402777777777
10 0.52225 0.24613611111111108 0.08911041666666668 0.11875
6 0.4347140625 0.3540215277777778 0.033854166666666664 0.04513888888888889
9 0.8244947916666666 0.5898048611111111 0.050853854166666664 0.05948680555555556
0 0.3502005208333333 0.425625 0.37060729166666667 0.07708333333333334
4 0.3319770833333333 0.8865486111111112 0.14856770833333333 0.07013888888888889
2 0.708328125 0.4525402777777778 0.3037723958333334 0.07569444444444444
11 0.5636458333333334 0.8014652777777778 0.07047083333333333 0.03260576388888889
5 0.21716197916666669 0.5267229166666667 0.15776718750000002 0.06946875
3 0.6905104166666667 0.7404444444444445 0.1200625 0.04667555555555555
12 0.7654531250000001 0.8073263888888889 0.03981369791666667 0.04250506944444444
1 0.8201406250000001 0.306875 0.49435104166666666 0.07437916666666666
