8 0.7663854166666667 0.8216319444444445 0.1203125 0.1623875
7 0.43112656250000003 0.6093041666666666 0.11972812499999999 0.09930555555555555
10 0.32662239583333336 0.35050763888888886 0.0912765625 0.11633472222222221
6 0.29927916666666665 0.15108680555555556 0.03471994791666667 0.045420625
4 0.5351458333333333 0.3905409722222222 0.15185885416666667 0.06736111111111111
0 0.4897609375 0.8180555555555555 0.37154479166666665 0.08564583333333334
1 0.6058229166666667 0.13282916666666666 0.498821875 0.07708333333333334
9 0.24627083333333333 0.6409458333333333 0.050027239583333334 0.0595925
2 0.19469062499999998 0.4917472222222222 0.31197916666666664 0.07569444444444444
5 0.7597343750000001 0.5071736111111111 0.15859947916666667 0.07152777777777777
3 0.6971822916666667 0.3759666666666667 0.12639166666666665 0.050694444444444445
11 0.3799197916666667 0.7247430555555556 0.07093229166666666 0.034027777777777775
12 0.43145677083333334 0.2316402777777778 0.04202578125 0.04652777777777778
