7 0.34950572916666667 0.808375 0.12081718749999999 0.09930555555555555
7 0.8206562500000001 0.8924166666666666 0.12026041666666668 0.09930555555555555
6 0.5877239583333334 0.6664812499999999 0.0328125 0.04578076388888889
6 0.2743994791666667 0.5614395833333333 0.03498682291666667 0.046737986111111116
11 0.8566822916666667 0.6327291666666667 0.07393489583333333 0.033800833333333336
2 0.8074947916666667 0.18128541666666667 0.31202447916666665 0.07430555555555556
2 0.441240625 0.47080694444444443 0.3068109375 0.07569444444444444
11 0.20484635416666666 0.4068375 0.0734375 0.034027777777777775
3 0.37219427083333334 0.2001652777777778 0.12111302083333333 0.052083333333333336
12 0.4512927083333333 0.7800902777777777 0.04116125 0.04611208333333333
3 0.711046875 0.7210694444444444 0.12203020833333333 0.04945340277777778
12 0.7591302083333333 0.5142465277777778 0.04254838541666666 0.04427111111111111
