7 0.4879203125 0.8665694444444444 0.11822864583333333 0.09388958333333333
7 0.3473307291666667 0.19129444444444443 0.11925729166666667 0.09507499999999999
6 0.38730781249999996 0.6342361111111111 0.03393401041666667 0.04518569444444445
2 0.604703125 0.09588680555555555 0.30835989583333334 0.07430555555555556
6 0.7809166666666666 0.31654513888888886 0.03548046875 0.04570833333333333
11 0.5338541666666666 0.6494048611111112 0.07067395833333333 0.03263888888888889
3 0.4747078125 0.32457569444444445 0.12503125 0.051120347222222216
11 0.29426979166666667 0.4761284722222222 0.07191666666666667 0.03292493055555556
2 0.19672135416666667 0.6092215277777778 0.3080328125 0.07291666666666667
3 0.6706510416666667 0.8102638888888889 0.12111875 0.04652777777777778
12 0.5925520833333333 0.5071256944444444 0.04002901041666666 0.04261277777777778
12 0.6478645833333334 0.3152784722222222 0.038425625 0.043327638888888895
