8 0.524046875 0.31625 0.11770833333333333 0.15433472222222222
8 0.20131249999999998 0.6448402777777779 0.11510416666666666 0.15763888888888888
10 0.4063125 0.620625 0.09052083333333334 0.11559097222222221
10 0.22173020833333332 0.2858916666666667 0.0857859375 0.12009722222222222
9 0.4384239583333333 0.8023263888888889 0.04739583333333333 0.06458333333333334
9 0.6228697916666667 0.8056805555555556 0.05026145833333333 0.06226416666666666
12 0.6264895833333333 0.577125 0.04090375 0.0424575
12 0.3193140625 0.5425034722222223 0.039350625 0.0434175
11 0.30988072916666665 0.7670833333333332 0.07195572916666666 0.03228402777777777
11 0.3499916666666667 0.2716826388888889 0.07135416666666666 0.03144243055555555
