8 0.26553125 0.356875 0.11114583333333333 0.15967916666666665
10 0.28807604166666667 0.909375 0.092665625 0.11597222222222223
9 0.7615208333333333 0.211875 0.04552083333333334 0.06348666666666666
6 0.6828645833333333 0.26687500000000003 0.034270833333333334 0.048790625
6 0.473446875 0.615625 0.03239583333333333 0.04344659722222222
12 0.3627036458333333 0.6344930555555556 0.04141359375 0.04097222222222222
11 0.3936953125 0.1705986111111111 0.07188333333333333 0.03279423611111111
1 0.601703125 0.598125 0.49552604166666664 0.07430555555555556
0 0.5205411458333333 0.321875 0.36337864583333335 0.08236319444444444
2 0.5185369791666666 0.7118749999999999 0.30640989583333333 0.07718263888888889
7 0.44678177083333337 0.8196597222222222 0.11832708333333333 0.09571875
5 0.16983958333333332 0.686875 0.15646822916666667 0.06886659722222223
4 0.23522760416666666 0.4835930555555556 0.1531119791666667 0.06736111111111111
3 0.5832812500000001 0.5078069444444444 0.1212015625 0.049305555555555554
5 0.7129270833333333 0.32687499999999997 0.15447864583333332 0.06916187500000001
4 0.33705416666666665 0.2620236111111111 0.14739583333333334 0.06601972222222222
7 0.483190625 0.14382083333333334 0.1184046875 0.09791666666666667
