8 0.5876770833333332 0.324375 0.11302083333333333 0.15834305555555556
8 0.6999010416666667 0.465 0.11583333333333333 0.15032708333333333
10 0.4739479166666667 0.25 0.09114583333333333 0.12055555555555555
10 0.5165328125 0.581875 0.08864583333333333 0.12093472222222221
9 0.8428333333333333 0.8798680555555556 0.04695192708333333 0.06319444444444444
9 0.4293588541666667 0.81625 0.04645833333333334 0.06482270833333334
12 0.35227187499999996 0.5706708333333333 0.039788854166666665 0.04341236111111112
12 0.7229479166666667 0.798125 0.042984479166666666 0.042024791666666665
11 0.5536093750000001 0.809375 0.07179895833333334 0.03281618055555555
11 0.8602187499999999 0.7056250000000001 0.07088645833333333 0.031666458333333335
