8 0.25717395833333334 0.7492986111111111 0.11822916666666666 0.1644659722222222
7 0.19732083333333333 0.4074944444444445 0.1197703125 0.09930555555555555
10 0.2797369791666667 0.2017625 0.08719270833333333 0.1243763888888889
5 0.49487291666666666 0.474625 0.15914114583333333 0.07152777777777777
6 0.52675 0.7541666666666667 0.0328125 0.04513888888888889
9 0.32022395833333334 0.5340069444444444 0.04774932291666667 0.057721527777777774
11 0.3740697916666667 0.8144166666666667 0.06853489583333333 0.03263888888888889
3 0.13503229166666667 0.6045680555555555 0.12403229166666667 0.04998409722222222
1 0.57146875 0.23878819444444446 0.5003265625 0.07569444444444444
4 0.71484375 0.3391604166666667 0.1487140625 0.06875
0 0.63909375 0.7813402777777778 0.36956249999999996 0.08468680555555555
2 0.6163541666666668 0.4409361111111111 0.31180885416666665 0.07430555555555556
12 0.38639531250000003 0.6543402777777778 0.04048104166666667 0.04548368055555555
