8 0.13130208333333332 0.4864840277777778 0.11408229166666667 0.16213541666666667
8 0.5234427083333333 0.7318194444444444 0.12239583333333333 0.1587097222222222
10 0.7899479166666666 0.5307402777777778 0.091540625 0.11599027777777779
10 0.26718958333333337 0.5759548611111112 0.09010416666666667 0.10741319444444446
7 0.37660625 0.31204791666666665 0.12086458333333333 0.09256597222222221
9 0.5665625 0.5754638888888889 0.047399062500000005 0.06194048611111111
6 0.7336822916666667 0.6479625 0.03467572916666666 0.04485784722222222
4 0.41613020833333336 0.6439090277777778 0.15553020833333334 0.07032013888888888
9 0.27791822916666664 0.40973055555555554 0.046273125 0.058485833333333334
2 0.5638697916666667 0.29288819444444447 0.3064953125 0.07430555555555556
5 0.7436770833333333 0.35358263888888886 0.157440625 0.07152777777777777
0 0.60584375 0.5229493055555555 0.3734375 0.08402777777777778
12 0.20667239583333333 0.6498972222222222 0.03892083333333333 0.04527055555555556
1 0.37094791666666665 0.20195069444444447 0.49647864583333334 0.07708333333333334
11 0.49441666666666667 0.5058215277777778 0.06927083333333334 0.03140798611111111
3 0.35814114583333334 0.567863888888889 0.11978333333333334 0.04791666666666667
11 0.38972812500000004 0.3954673611111111 0.07292708333333334 0.033591805555555555
12 0.52690625 0.49874722222222223 0.04010416666666667 0.042277361111111106
