9 0.23096197916666666 0.210625 0.04925651041666667 0.06474506944444444
9 0.4897270833333333 0.4030375 0.04433052083333333 0.05991104166666667
8 0.31936875 0.1016388888888889 0.12143125 0.15129861111111112
10 0.7124843750000001 0.22104166666666666 0.08920260416666667 0.11381805555555555
8 0.7769999999999999 0.6336784722222222 0.11430729166666667 0.15644930555555556
10 0.17518645833333332 0.5961743055555555 0.08957083333333334 0.11715416666666667
4 0.5315625 0.631875 0.15381145833333332 0.06736111111111111
5 0.8608958333333334 0.41863402777777775 0.15686406249999998 0.07008541666666666
5 0.6944791666666668 0.8333611111111111 0.15909374999999998 0.07136319444444444
0 0.6447916666666667 0.263125 0.37689739583333337 0.08333263888888888
0 0.339178125 0.608125 0.36822916666666666 0.07847222222222222
1 0.5516041666666667 0.31937499999999996 0.49814166666666665 0.07842430555555556
1 0.35220416666666665 0.8456250000000001 0.4953619791666667 0.08541666666666667
4 0.4088427083333333 0.40398402777777775 0.15495937499999998 0.07682916666666667
