8 0.9196614583333333 0.6254604166666666 0.12213489583333333 0.15373124999999999
8 0.8438645833333334 0.8025138888888889 0.11362760416666666 0.16066180555555556
10 0.5031484374999999 0.6613243055555555 0.08630156250000001 0.11576180555555556
10 0.7148125000000001 0.42409652777777773 0.09073072916666666 0.11694583333333332
7 0.43132447916666666 0.6091270833333333 0.11822916666666666 0.08959027777777777
6 0.8481145833333333 0.5852875 0.033854166666666664 0.04375
9 0.7519375 0.6794486111111111 0.04655291666666667 0.06108680555555556
2 0.3514463541666667 0.6229680555555556 0.3066197916666667 0.07569444444444444
12 0.4069057291666667 0.47770416666666665 0.030198020833333335 0.04375
5 0.674625 0.8265208333333334 0.15868229166666667 0.07152777777777777
9 0.4285307291666667 0.7785902777777778 0.0459278125 0.06057680555555555
4 0.6180208333333332 0.4227666666666667 0.14427083333333332 0.06875
11 0.4872270833333333 0.5359916666666666 0.07069062499999999 0.034027777777777775
0 0.5250416666666667 0.3343770833333333 0.3682229166666667 0.08126805555555555
3 0.5901822916666667 0.8811458333333333 0.11711979166666667 0.050694444444444445
11 0.5786041666666667 0.6115020833333333 0.07133854166666667 0.03263888888888889
1 0.7306562499999999 0.5859375 0.4990192708333333 0.07847222222222222
12 0.581203125 0.6834986111111111 0.03704322916666667 0.04097222222222222
