8 0.11149583333333334 0.46311458333333333 0.1235828125 0.14445833333333333
7 0.6332135416666667 0.31526944444444444 0.1194390625 0.097025
10 0.45980104166666663 0.7678472222222222 0.08177187500000001 0.12569444444444444
6 0.4592963541666667 0.39057083333333337 0.0328125 0.04375
5 0.4981875 0.25150625 0.15511510416666668 0.06859305555555556
1 0.645734375 0.55549375 0.4885609375 0.07708333333333334
4 0.5382395833333333 0.3853048611111112 0.14973541666666668 0.06736111111111111
3 0.29846874999999995 0.7341041666666666 0.12322604166666666 0.04838423611111111
9 0.3902630208333333 0.604776388888889 0.04553302083333333 0.06041965277777778
11 0.6086406249999999 0.653801388888889 0.07057916666666667 0.03184256944444444
0 0.6167343750000001 0.795625 0.3650921875 0.08037152777777777
2 0.28751770833333334 0.49135486111111115 0.306884375 0.07438402777777778
12 0.3292859375 0.25289236111111113 0.03911125 0.04252277777777778
