8 0.41631718749999996 0.19819305555555558 0.1203125 0.15208333333333332
8 0.11350989583333333 0.42269444444444443 0.12257291666666667 0.15010208333333333
10 0.31199218749999996 0.5228472222222222 0.08853593750000001 0.12142222222222224
4 0.11409114583333334 0.685567361111111 0.1540640625 0.07008125
10 0.5024 0.7503680555555555 0.08994895833333333 0.12028680555555556
5 0.2560119791666667 0.209375 0.15885364583333333 0.07152777777777777
9 0.617734375 0.226875 0.05109526041666667 0.06184944444444444
1 0.725953125 0.610625 0.48629374999999997 0.07708333333333334
9 0.41633281250000004 0.898125 0.050520833333333334 0.06680555555555556
0 0.694890625 0.126875 0.36455989583333337 0.0798611111111111
1 0.6377760416666667 0.41437500000000005 0.5040203125 0.07708333333333334
5 0.6447916666666667 0.820625 0.16614479166666665 0.07540069444444444
4 0.678859375 0.8431249999999999 0.15573697916666665 0.06736111111111111
0 0.30410833333333337 0.755625 0.37188020833333335 0.083225
