10 0.4206453125 0.5845902777777777 0.09074166666666666 0.10669652777777777
7 0.26356145833333333 0.3021215277777778 0.11996718749999999 0.10069444444444445
8 0.6840208333333333 0.7890347222222223 0.11507864583333333 0.16676180555555556
6 0.30982656249999996 0.4789729166666667 0.033854166666666664 0.04513888888888889
5 0.8144739583333334 0.59215625 0.16676197916666666 0.07013888888888889
9 0.5759583333333332 0.7323333333333333 0.04813536458333333 0.06238763888888889
11 0.4091666666666667 0.3644631944444444 0.07279687500000001 0.034027777777777775
4 0.44271354166666665 0.767826388888889 0.1535411458333333 0.06896166666666667
2 0.1237359375 0.3218972222222222 0.31094895833333336 0.07569444444444444
0 0.5278958333333333 0.37973402777777776 0.3676755208333333 0.08139513888888888
1 0.6620364583333332 0.23460069444444442 0.49870000000000003 0.07847222222222222
12 0.5090583333333334 0.5210986111111111 0.041211927083333336 0.046030694444444444
3 0.2311828125 0.5678326388888889 0.126740625 0.04684048611111111
