8 0.32620364583333333 0.3799541666666667 0.12157552083333334 0.15325694444444443
7 0.69425 0.6009104166666667 0.11822916666666666 0.09930555555555555
10 0.21166666666666664 0.5847493055555556 0.09010416666666667 0.10828263888888888
9 0.8157031250000001 0.49103541666666667 0.04473208333333333 0.059685763888888896
6 0.7128645833333334 0.34478888888888887 0.0334690625 0.04510868055555556
3 0.20764479166666666 0.21290208333333333 0.12307239583333333 0.05114555555555556
5 0.14978385416666665 0.3893506944444444 0.15705520833333333 0.07013888888888889
1 0.6532447916666667 0.23248194444444445 0.49716510416666665 0.07708333333333334
11 0.5127359375 0.3171277777777778 0.07402291666666666 0.034027777777777775
4 0.5762604166666667 0.7285416666666666 0.15388958333333333 0.06875
0 0.3007208333333333 0.15265833333333334 0.3690875 0.07708333333333334
2 0.4153041666666667 0.5632881944444444 0.3090859375 0.07569444444444444
12 0.44736666666666663 0.749263888888889 0.0392559375 0.04458236111111111
