7 0.561359375 0.7538055555555556 0.1190140625 0.09930555555555555
8 0.3459197916666667 0.8515416666666666 0.11950416666666668 0.15366180555555556
7 0.18872395833333336 0.3903951388888889 0.12135416666666667 0.09462777777777778
10 0.6921979166666666 0.5405875 0.09128125 0.11597430555555555
9 0.36006666666666665 0.7324652777777778 0.04790713541666667 0.0638823611111111
5 0.6368177083333334 0.3054375 0.15757083333333333 0.07152777777777777
2 0.617234375 0.6519743055555556 0.3060817708333333 0.07569444444444444
6 0.3829822916666667 0.6763930555555555 0.033854166666666664 0.040703125
3 0.46249583333333333 0.7827500000000001 0.12406458333333334 0.050694444444444445
6 0.48423229166666665 0.44166041666666667 0.0348878125 0.04551805555555556
4 0.1392171875 0.44747638888888885 0.14990416666666664 0.06875
5 0.20427864583333333 0.6906256944444444 0.155309375 0.07152777777777777
4 0.5874166666666666 0.4745444444444445 0.15107447916666666 0.06875
11 0.5471614583333333 0.31870208333333333 0.07137447916666666 0.034027777777777775
12 0.286421875 0.5288993055555555 0.0417603125 0.04513888888888889
0 0.41150625 0.3022784722222222 0.3692708333333333 0.08146805555555556
1 0.3191380208333333 0.574375 0.498471875 0.07569444444444444
