1 0.6978958333333334 0.500625 0.492809375 0.07573958333333333
2 0.47945885416666667 0.5443749999999999 0.30918645833333336 0.07417916666666667
1 0.1699453125 0.5157958333333333 0.49322864583333337 0.08432916666666666
5 0.25901822916666667 0.621875 0.15968958333333333 0.07027638888888889
7 0.5475937500000001 0.739375 0.11981302083333333 0.0966201388888889
7 0.7249479166666667 0.32687499999999997 0.1228015625 0.09635486111111112
5 0.7690364583333333 0.683125 0.15402916666666666 0.07019375
0 0.5065130208333334 0.605625 0.36598958333333337 0.07843750000000001
2 0.5345677083333332 0.323125 0.31304739583333335 0.07751666666666666
0 0.4443885416666667 0.494375 0.36643749999999997 0.08502013888888889
4 0.4023046875 0.388125 0.15289635416666666 0.06730423611111111
3 0.3121244791666667 0.380625 0.10704375000000001 0.05
4 0.6578177083333333 0.776875 0.15125052083333335 0.06452548611111111
3 0.5926875 0.7831250000000001 0.11661041666666666 0.04713041666666667
6 0.7865729166666667 0.84375 0.03145833333333333 0.044782638888888886
6 0.33717447916666665 0.3325 0.037083333333333336 0.04344659722222222
