7 0.54259375 0.6700201388888889 0.12096197916666668 0.09930555555555555
7 0.346009375 0.7693472222222222 0.12008541666666667 0.09930555555555555
6 0.33704010416666663 0.16115694444444445 0.034878958333333335 0.04499993055555555
6 0.3208322916666667 0.44315486111111113 0.03472776041666667 0.045412916666666664
2 0.054826562499999995 0.4753118055555555 0.3074385416666667 0.07569444444444444
12 0.1925088541666667 0.6367131944444444 0.03945005208333333 0.04652777777777778
11 0.701984375 0.47646180555555556 0.06908697916666666 0.03263888888888889
2 0.8012239583333333 0.4586618055555555 0.3044130208333333 0.07569444444444444
11 0.44752187499999996 0.3303138888888889 0.07442083333333334 0.034027777777777775
3 0.509965625 0.07096597222222223 0.12481822916666667 0.050694444444444445
3 0.27280364583333333 0.32978402777777777 0.12150052083333333 0.04948854166666666
12 0.6421510416666667 0.1652576388888889 0.045434895833333336 0.04375
