6 0.3441885416666667 0.576875 0.034270833333333334 0.04344659722222222
6 0.47094166666666665 0.47375 0.029583333333333333 0.042110625
0 0.5746510416666666 0.233125 0.36596406249999996 0.07901805555555555
0 0.711921875 0.440625 0.37068489583333336 0.08039027777777778
2 0.7179375 0.639375 0.303440625 0.07550347222222221
2 0.31513020833333333 0.404375 0.3082875 0.07522638888888888
1 0.5035067708333333 0.651875 0.49566666666666664 0.08064861111111112
1 0.5275572916666667 0.283125 0.49725885416666665 0.07227291666666666
3 0.3992984375 0.280625 0.12083333333333333 0.05138888888888889
3 0.30911822916666665 0.481875 0.12329947916666667 0.05416666666666667
4 0.4784567708333333 0.525625 0.1491359375 0.06509659722222222
4 0.664828125 0.528125 0.14765 0.06979722222222222
5 0.5766510416666667 0.496875 0.15140677083333334 0.06833048611111112
5 0.19088177083333333 0.215625 0.15434270833333336 0.07013888888888889
7 0.2720442708333334 0.550625 0.12262656250000001 0.09652777777777778
7 0.409115625 0.4180597222222222 0.12208958333333333 0.09694166666666668
