8 0.3235036458333333 0.8823333333333333 0.12171354166666666 0.15004305555555555
8 0.7533489583333334 0.6146604166666667 0.12390364583333334 0.14921805555555556
10 0.7231614583333333 0.34476388888888887 0.08840885416666668 0.12047291666666667
10 0.47540937499999997 0.8719652777777779 0.0894265625 0.12233472222222222
7 0.6499479166666667 0.6426243055555556 0.11851041666666666 0.09182152777777779
9 0.7840104166666666 0.8975069444444445 0.04739583333333333 0.0631786111111111
5 0.8393906250000001 0.7024583333333333 0.1583609375 0.07152777777777777
3 0.6891302083333334 0.5698840277777778 0.11972395833333334 0.049305555555555554
6 0.6360572916666667 0.44252361111111116 0.0346371875 0.0442475
11 0.5616875 0.5744722222222223 0.0709375 0.034027777777777775
11 0.5178453125 0.7845902777777778 0.07215989583333333 0.03125
9 0.7160624999999999 0.7867152777777777 0.04957494791666666 0.058705208333333335
12 0.6159687500000001 0.5313826388888889 0.04010416666666667 0.04513888888888889
0 0.8712760416666666 0.5401479166666666 0.36402864583333333 0.07708333333333334
2 0.5751562499999999 0.3644416666666667 0.30799374999999996 0.07569444444444444
4 0.3254859375 0.60180625 0.15094322916666666 0.07013888888888889
1 0.47784375 0.5651263888888889 0.49655208333333334 0.07839722222222222
12 0.43131041666666664 0.6296048611111111 0.04020833333333333 0.042563472222222225
