7 0.23803125 0.6345437500000001 0.11906770833333334 0.09620972222222222
7 0.266015625 0.2442909722222222 0.1193 0.0927236111111111
6 0.6717916666666667 0.5467208333333333 0.03425932291666667 0.04576416666666667
6 0.38126822916666664 0.6608597222222222 0.03532890625 0.04591270833333334
2 0.55496875 0.21836250000000001 0.30751510416666666 0.07430555555555556
12 0.2227640625 0.8066180555555555 0.044562343750000004 0.04872715277777778
11 0.5171901041666667 0.05144145833333333 0.07195208333333333 0.033974305555555556
2 0.48847708333333334 0.5181250000000001 0.30781458333333334 0.07291666666666667
3 0.6378177083333333 0.3603111111111111 0.12036041666666668 0.049305555555555554
3 0.3822645833333333 0.8768750000000001 0.12481874999999999 0.047893402777777774
11 0.54659375 0.790625 0.0711546875 0.033605694444444445
12 0.2012796875 0.4270798611111111 0.038460052083333335 0.046527847222222224
