8 0.80325 0.7315208333333334 0.11650364583333334 0.16031944444444446
8 0.4270984375 0.6983541666666666 0.11804895833333333 0.15069444444444444
10 0.22363020833333333 0.49786250000000004 0.087209375 0.11896458333333333
10 0.8519791666666666 0.3813111111111111 0.09082239583333333 0.10899236111111112
9 0.6622968749999999 0.7675694444444444 0.04457463541666666 0.06447569444444444
12 0.7894375 0.5315993055555556 0.03908088541666667 0.04513888888888889
11 0.437009375 0.2589861111111111 0.07014635416666667 0.030856180555555553
9 0.663296875 0.3755909722222222 0.047645468749999996 0.05908368055555556
11 0.5623020833333333 0.4557270833333333 0.06981145833333334 0.031972847222222225
12 0.38129010416666664 0.4217805555555556 0.04025984375 0.04305875
