8 0.24601666666666666 0.648361111111111 0.1234375 0.16319444444444445
8 0.6629583333333334 0.6764284722222222 0.11137343749999999 0.15845416666666667
7 0.5417343750000001 0.6978472222222222 0.1179375 0.09236111111111112
10 0.18579010416666666 0.3695597222222223 0.09315520833333334 0.11597222222222223
10 0.46311979166666667 0.6494347222222222 0.0859375 0.11458333333333333
1 0.25086302083333334 0.5536840277777777 0.5026260416666667 0.07468472222222222
11 0.3600109375 0.6928333333333333 0.07135416666666666 0.03263888888888889
0 0.6590572916666667 0.5672784722222222 0.36454322916666665 0.08326944444444445
4 0.24806822916666665 0.24947222222222223 0.15545260416666667 0.07007013888888888
9 0.33554270833333333 0.8729513888888889 0.048747864583333335 0.06378354166666667
2 0.47966354166666664 0.31095555555555554 0.3128619791666667 0.07683125
9 0.28630520833333334 0.42381597222222217 0.04332765625 0.05528909722222222
3 0.3874411458333333 0.13925625 0.1223640625 0.050694444444444445
5 0.3894984375 0.8497847222222222 0.15711354166666666 0.07013888888888889
11 0.3437359375 0.11914791666666667 0.0695984375 0.034027777777777775
12 0.26849791666666667 0.7827777777777778 0.0377725 0.04513888888888889
12 0.4121588541666667 0.6053534722222221 0.040235468749999996 0.04406222222222222
6 0.5190380208333333 0.5493750000000001 0.0296875 0.040193541666666666
