8 0.3140109375 0.6032118055555555 0.10937916666666667 0.1593513888888889
7 0.6070520833333333 0.2581972222222222 0.12105208333333332 0.09930555555555555
10 0.44802031249999996 0.7971319444444444 0.08802083333333334 0.12519444444444444
2 0.20804479166666667 0.4724909722222222 0.3090755208333333 0.07569444444444444
4 0.5717395833333333 0.5056472222222221 0.15150885416666665 0.07074166666666666
9 0.4826213541666667 0.31862083333333335 0.043229166666666666 0.06462472222222222
11 0.6592916666666666 0.7333680555555555 0.0717046875 0.034027777777777775
5 0.66428125 0.4684159722222222 0.1575791666666667 0.07013888888888889
1 0.7558697916666667 0.3854930555555556 0.4985708333333333 0.07708333333333334
0 0.32298958333333333 0.11421111111111111 0.3715390625 0.08457222222222223
3 0.3140854166666667 0.3588291666666667 0.12447916666666667 0.04619118055555555
12 0.37837291666666667 0.19930555555555557 0.040018333333333336 0.04496881944444445
