8 0.8321666666666666 0.44437499999999996 0.11510416666666666 0.15347222222222223
0 0.3980234375 0.38885 0.3670510416666667 0.07873402777777777
5 0.59471875 0.09375486111111112 0.15468125 0.07053402777777779
1 0.5285572916666667 0.668125 0.49504479166666665 0.086825
1 0.680859375 0.234375 0.4905963541666667 0.08125
0 0.14609375 0.6805555555555556 0.37271354166666665 0.09236111111111112
5 0.3773239583333333 0.6772972222222222 0.16459062500000002 0.07615694444444444
4 0.8034635416666667 0.7951388888888888 0.15073020833333334 0.07569444444444444
4 0.6616822916666667 0.9176458333333334 0.15409895833333334 0.07304652777777777
10 0.647296875 0.789375 0.08864583333333333 0.12761527777777776
10 0.276553125 0.775625 0.08864583333333333 0.12761527777777776
9 0.26753489583333334 0.61875 0.052083333333333336 0.06615868055555556
9 0.788578125 0.563125 0.051145833333333335 0.06615868055555556
8 0.1938880208333333 0.265 0.11770833333333333 0.1717034722222222
