7 0.3800442708333333 0.5844444444444444 0.11840885416666666 0.09622083333333332
7 0.42914843750000004 0.8492569444444444 0.11856510416666667 0.09639722222222223
5 0.7333645833333333 0.5408583333333333 0.15323333333333336 0.06803465277777777
5 0.31513020833333333 0.733125 0.15831510416666666 0.06875
4 0.31438020833333336 0.2839625 0.14799166666666666 0.06752902777777778
0 0.43874843750000003 0.4570284722222222 0.367134375 0.08087291666666666
6 0.4855640625 0.21734861111111112 0.032464479166666664 0.04110743055555555
1 0.729328125 0.6382111111111111 0.4984375 0.07569444444444444
1 0.20290572916666666 0.528125 0.4983583333333333 0.07847222222222222
4 0.7906510416666667 0.38417291666666664 0.15195052083333332 0.06875
6 0.5798020833333334 0.8015000000000001 0.03168109375 0.04375
0 0.740984375 0.308125 0.37055781250000003 0.08428611111111112
2 0.6097187500000001 0.208125 0.30665052083333333 0.07060833333333333
2 0.6818645833333333 0.776875 0.3057067708333333 0.0725486111111111
3 0.37625260416666667 0.9356249999999999 0.12135416666666667 0.04808041666666667
3 0.867234375 0.534375 0.11963072916666667 0.05015951388888888
