7 0.346846875 0.8337777777777778 0.119525 0.09930555555555555
7 0.32244375 0.37504861111111115 0.12333177083333333 0.10069444444444445
6 0.5213645833333334 0.8041666666666667 0.034606614583333334 0.04498631944444444
6 0.555296875 0.12636111111111112 0.03462755208333333 0.04615069444444444
11 0.43179531250000003 0.17238819444444445 0.07273906249999999 0.035416666666666666
12 0.46017916666666664 0.6127819444444444 0.0395234375 0.04513888888888889
11 0.821234375 0.6091131944444445 0.07173177083333333 0.034027777777777775
2 0.2581354166666667 0.6591194444444444 0.3162651041666667 0.07430555555555556
2 0.7320989583333334 0.1614625 0.30654583333333335 0.07569444444444444
3 0.7504791666666667 0.41689583333333335 0.12316041666666666 0.052083333333333336
3 0.6900364583333333 0.716763888888889 0.12126510416666667 0.050694444444444445
12 0.6663125 0.2804756944444444 0.04307145833333333 0.045124791666666664
