8 0.40024739583333335 0.6479756944444445 0.11901041666666666 0.14368819444444444
8 0.4378755208333333 0.15125 0.11455625 0.16076944444444446
10 0.7618072916666667 0.4392416666666667 0.09080416666666666 0.11606944444444443
10 0.6735208333333333 0.6834354166666667 0.08997552083333332 0.11147847222222222
9 0.5419010416666666 0.4565083333333333 0.04498515625 0.06273743055555556
9 0.40503489583333335 0.3463125 0.04600005208333333 0.06180555555555556
11 0.2561880208333333 0.4353243055555555 0.07135416666666666 0.032113611111111114
11 0.5589375000000001 0.7907500000000001 0.07132239583333333 0.032425416666666665
12 0.790875 0.25496041666666663 0.04114322916666667 0.04243388888888889
12 0.6633802083333333 0.17670833333333333 0.0390625 0.04233694444444445
