8 0.4846125 0.36722499999999997 0.1186203125 0.14597013888888888
8 0.7107395833333333 0.21518125 0.1203125 0.15069444444444444
10 0.7382500000000001 0.6685159722222223 0.0890625 0.12013888888888889
10 0.453984375 0.8182569444444444 0.08802083333333334 0.11830486111111112
11 0.8505572916666666 0.41144930555555553 0.07230468749999999 0.032483472222222226
9 0.59421875 0.5190368055555555 0.0453125 0.06398583333333334
9 0.40389427083333335 0.5837868055555556 0.04657994791666666 0.05801458333333333
12 0.6431770833333333 0.7957986111111112 0.04010416666666667 0.04331076388888889
11 0.4971453125 0.6722493055555555 0.070290625 0.03288208333333333
12 0.6459843749999999 0.3829194444444444 0.0390625 0.04343736111111111
