8 0.31974479166666664 0.29690069444444445 0.11123541666666667 0.15806458333333334
7 0.3641901041666667 0.5176229166666666 0.1190734375 0.09930555555555555
10 0.7958541666666666 0.6941791666666667 0.09235989583333333 0.11684652777777776
9 0.4617322916666666 0.5133430555555556 0.044270833333333336 0.06505097222222223
5 0.5451875 0.5589916666666667 0.15608177083333336 0.07152777777777777
4 0.45853229166666665 0.7800625 0.1526328125 0.06875
6 0.27083124999999997 0.6038784722222222 0.03353640625 0.044548888888888895
1 0.15080156249999999 0.396875 0.5036489583333333 0.08003680555555556
3 0.42618177083333336 0.6427229166666666 0.125596875 0.050060486111111115
0 0.5331302083333334 0.23994375 0.36814375 0.07708333333333334
12 0.3207171875 0.7621666666666667 0.03928109375 0.04513888888888889
11 0.5154385416666667 0.318 0.07106041666666667 0.034027777777777775
2 0.6880260416666667 0.5867527777777778 0.3076125 0.07569444444444444
