9 0.5865625 0.7076527777777778 0.04647140625 0.06323076388888889
9 0.4322427083333333 0.6380340277777777 0.046044843749999995 0.06259604166666667
8 0.6740260416666667 0.5063 0.11990260416666666 0.1545798611111111
10 0.42507656250000003 0.46344583333333333 0.08954791666666666 0.12006249999999999
8 0.23302708333333333 0.16824236111111113 0.11803958333333334 0.15607916666666666
4 0.8006354166666667 0.6313965277777778 0.150109375 0.0678098611111111
10 0.4940833333333333 0.7280069444444444 0.08645416666666667 0.11619375
0 0.5475937500000001 0.361875 0.3700088541666667 0.08225694444444445
5 0.3441885416666667 0.655625 0.162384375 0.07013888888888889
5 0.273803125 0.49035902777777773 0.1560416666666667 0.06944145833333333
4 0.6301562500000001 0.8108819444444445 0.148925 0.06777965277777778
0 0.132765625 0.44437499999999996 0.3779708333333333 0.0798611111111111
1 0.28005989583333335 0.796875 0.49761666666666665 0.07847222222222222
1 0.664828125 0.215625 0.4930802083333334 0.08056527777777778
