7 0.5029609374999999 0.5663034722222222 0.12097656250000001 0.09696250000000001
8 0.38021354166666665 0.5170569444444445 0.11822916666666666 0.14791666666666667
7 0.4705546875 0.7589583333333334 0.1188 0.09506319444444444
10 0.7087968750000001 0.4458979166666666 0.08802083333333334 0.1096701388888889
6 0.6198802083333333 0.5825111111111111 0.03334505208333333 0.04531756944444444
9 0.6786875 0.6428819444444445 0.0447534375 0.05861868055555555
5 0.82165625 0.27623472222222223 0.16045 0.07254305555555556
6 0.7193385416666668 0.7790972222222223 0.03259109375 0.04573784722222222
0 0.5711197916666666 0.25711944444444446 0.3657473958333333 0.08100069444444445
4 0.8213645833333333 0.5673833333333334 0.14916510416666667 0.07013888888888889
11 0.7397083333333333 0.7453194444444444 0.07092604166666666 0.035416666666666666
5 0.37601875 0.33944097222222225 0.16107708333333332 0.07219166666666667
4 0.6408229166666667 0.7626041666666667 0.153759375 0.06689625
3 0.44082708333333337 0.6113506944444445 0.125775 0.049305555555555554
1 0.599734375 0.5247902777777778 0.4933411458333333 0.07708333333333334
2 0.6558489583333333 0.4818520833333333 0.3083072916666667 0.07569444444444444
12 0.7249114583333333 0.6814215277777778 0.039771875 0.04097222222222222
