9 0.4147666666666667 0.3775541666666667 0.04648505208333333 0.062064236111111115
8 0.5425833333333333 0.334375 0.11614583333333334 0.16162222222222222
10 0.24155520833333333 0.33629444444444445 0.08925572916666667 0.1190451388888889
6 0.5332343749999999 0.6452013888888889 0.03422119791666667 0.04453805555555555
7 0.40831666666666666 0.7256250000000001 0.120528125 0.09513888888888888
4 0.23797604166666667 0.655625 0.15272239583333333 0.06875
12 0.577703125 0.7646111111111111 0.04611927083333334 0.04375
0 0.7680364583333333 0.451875 0.37478593750000005 0.08125
3 0.4814630208333333 0.598125 0.13115625 0.05667381944444444
5 0.6360156250000001 0.8075972222222223 0.15733541666666667 0.07118402777777777
11 0.617734375 0.508125 0.075496875 0.034027777777777775
2 0.36823645833333335 0.526875 0.313921875 0.07569444444444444
1 0.5305624999999999 0.136875 0.5004848958333333 0.07708333333333334
