7 0.5864166666666667 0.8390486111111112 0.120415625 0.09930555555555555
7 0.7197135416666666 0.7184722222222222 0.11941249999999999 0.09930555555555555
6 0.5376718749999999 0.4438138888888889 0.03305421875 0.04505180555555555
6 0.85265625 0.40979027777777777 0.03489510416666666 0.04511152777777778
2 0.6719166666666666 0.3436534722222222 0.308959375 0.07291666666666667
2 0.21450677083333333 0.45260069444444445 0.30832760416666666 0.07430555555555556
12 0.7430312499999999 0.30779930555555557 0.04010416666666667 0.04513888888888889
11 0.38202447916666665 0.7045833333333333 0.07154114583333333 0.03263888888888889
12 0.5366666666666667 0.2209763888888889 0.04314119791666667 0.04652777777777778
3 0.4430270833333333 0.24120694444444446 0.1240921875 0.04791666666666667
11 0.576296875 0.5893493055555555 0.0710078125 0.04097222222222222
3 0.375909375 0.36010833333333336 0.12095885416666667 0.04697916666666667
