6 0.39328645833333337 0.44625000000000004 0.03555130208333333 0.04513888888888889
0 0.317134375 0.37937499999999996 0.37151510416666667 0.08362708333333334
0 0.41533072916666663 0.7568750000000001 0.3721375 0.08235208333333334
1 0.3071140625 0.339375 0.5025692708333334 0.07708333333333334
1 0.45040104166666667 0.640625 0.5080875 0.07916666666666666
2 0.3491984375 0.455625 0.3060453125 0.07109583333333333
2 0.4614229166666667 0.618125 0.3063828125 0.07648958333333333
3 0.555609375 0.419375 0.1243234375 0.05005041666666666
3 0.6688385416666667 0.423125 0.1219828125 0.048320277777777774
4 0.5816614583333333 0.628125 0.14682656249999998 0.06380847222222223
4 0.42234479166666666 0.555625 0.14675989583333332 0.07069861111111111
5 0.48947916666666663 0.484375 0.1601 0.0667479861111111
5 0.42535052083333336 0.299375 0.15168020833333334 0.06180555555555556
7 0.13476979166666667 0.43062500000000004 0.12162083333333333 0.09392222222222221
7 0.40130260416666663 0.698125 0.13063854166666666 0.1
