8 0.5836875 0.6525430555555556 0.12169999999999999 0.1495986111111111
10 0.8052239583333333 0.6796187499999999 0.08871718749999999 0.12217152777777777
7 0.4020546875 0.4626444444444444 0.11894791666666667 0.09642847222222223
6 0.6541979166666666 0.4739243055555556 0.034380989583333334 0.04518416666666667
9 0.4187333333333333 0.9261319444444445 0.043229166666666666 0.06268784722222222
5 0.29685 0.26379722222222224 0.1581234375 0.07013888888888889
0 0.6134843750000001 0.8258472222222223 0.367884375 0.08159583333333334
4 0.55153125 0.3853229166666667 0.14994791666666665 0.066599375
1 0.7040572916666666 0.24877013888888888 0.4903984375 0.07708333333333334
2 0.30911822916666665 0.523125 0.31046666666666667 0.07540555555555556
3 0.17613020833333334 0.6274861111111112 0.12325416666666666 0.04791666666666667
11 0.15872395833333333 0.738625 0.07075520833333333 0.031154930555555557
12 0.3047708333333333 0.7826736111111111 0.0359375 0.043180555555555555
