9 0.3134135416666667 0.2535145833333333 0.046798697916666666 0.06385430555555555
9 0.5886822916666666 0.5944347222222223 0.04601619791666667 0.06431006944444444
8 0.6382760416666666 0.38795 0.1154765625 0.15659166666666666
8 0.37080156249999996 0.6156305555555556 0.12055364583333333 0.15130416666666666
10 0.42878489583333335 0.5083354166666667 0.08924895833333334 0.11863680555555554
10 0.27496770833333334 0.3498763888888889 0.09383541666666666 0.11875
5 0.4744526041666666 0.8368125 0.1583859375 0.06977986111111112
4 0.30511041666666666 0.15187499999999998 0.15997604166666665 0.07884027777777777
5 0.34318645833333333 0.37937499999999996 0.16651145833333333 0.07291666666666667
4 0.48446874999999995 0.698125 0.15215260416666665 0.06875
1 0.7560104166666667 0.296875 0.49845208333333335 0.07836041666666667
1 0.4694390625 0.361875 0.5099473958333334 0.08125
0 0.13176354166666665 0.546875 0.36985833333333334 0.08960416666666667
0 0.5676354166666666 0.434375 0.3778958333333333 0.08648055555555555
