7 0.39442916666666666 0.6947083333333334 0.11981614583333333 0.09930555555555555
7 0.634625 0.7769236111111111 0.12017864583333333 0.09385069444444445
6 0.5083473958333333 0.307725 0.034570260416666665 0.044858749999999996
6 0.5283802083333333 0.5983631944444444 0.03529375 0.04583347222222223
2 0.7581979166666667 0.24655 0.3133390625 0.07569444444444444
2 0.250715625 0.6253506944444445 0.3040557291666667 0.07569444444444444
11 0.3938911458333333 0.22297430555555559 0.071209375 0.034027777777777775
3 0.11182291666666666 0.3060034722222222 0.1229140625 0.052083333333333336
11 0.7335520833333333 0.5066465277777777 0.07110208333333333 0.03125
12 0.25214427083333335 0.17616874999999999 0.04197338541666666 0.04625854166666667
12 0.5862864583333334 0.4756638888888889 0.03970723958333333 0.04513888888888889
3 0.48793906249999996 0.10976944444444445 0.12349270833333333 0.049305555555555554
