8 0.24446302083333335 0.18908472222222222 0.1203125 0.16319444444444445
7 0.46274374999999995 0.594725 0.12027343750000001 0.09930555555555555
10 0.7418385416666666 0.5569006944444445 0.0896953125 0.12150833333333334
6 0.3850057291666667 0.8088055555555556 0.03467453125 0.045301805555555553
5 0.18817083333333334 0.3140368055555556 0.16184635416666668 0.07013888888888889
9 0.7055208333333333 0.35773958333333333 0.045737552083333334 0.06443798611111111
4 0.5982083333333333 0.6630819444444445 0.15475 0.06993819444444445
11 0.33115364583333334 0.6490618055555556 0.07436979166666666 0.03451326388888889
1 0.6395625 0.20147569444444444 0.4967640625 0.07708333333333334
2 0.45816666666666667 0.3462201388888889 0.30915052083333333 0.07569444444444444
0 0.22008802083333334 0.5951625 0.3712765625 0.08157222222222223
3 0.5812760416666667 0.8743402777777778 0.12460729166666668 0.049305555555555554
12 0.562625 0.41062499999999996 0.04040885416666666 0.044600138888888884
