9 0.165996875 0.8027361111111111 0.047800260416666664 0.06372326388888888
9 0.5293854166666666 0.6468576388888889 0.04684770833333333 0.062055208333333334
10 0.3611046875 0.8446319444444444 0.08928020833333333 0.12097291666666667
8 0.48346718749999995 0.5293749999999999 0.11822916666666666 0.1493173611111111
8 0.1776078125 0.5308361111111111 0.11737760416666668 0.1558826388888889
10 0.75884375 0.23928750000000001 0.092378125 0.11686805555555554
4 0.45340677083333336 0.8368749999999999 0.15776718750000002 0.06875
4 0.777390625 0.4742854166666667 0.1532609375 0.06953055555555555
5 0.6557291666666667 0.31187986111111116 0.15852604166666667 0.07186805555555555
0 0.395290625 0.526875 0.37176145833333335 0.08899305555555556
1 0.7399791666666666 0.673125 0.4975859375 0.08853819444444445
0 0.14679375 0.293125 0.3785317708333333 0.0798611111111111
1 0.317134375 0.136875 0.5071687500000001 0.08738055555555556
5 0.157815625 0.42937499999999995 0.16835052083333332 0.07597847222222223
