7 0.2526817708333333 0.47125069444444445 0.11921927083333334 0.09930555555555555
7 0.63834375 0.6418506944444444 0.12278281249999999 0.10069444444444445
6 0.4330265625 0.43725625 0.034018385416666665 0.04538715277777778
6 0.3977734375 0.7621180555555556 0.035337656249999995 0.045191111111111106
2 0.6237135416666667 0.21828680555555557 0.3120546875 0.07430555555555556
11 0.537765625 0.7969930555555556 0.0734375 0.03263888888888889
2 0.6709270833333334 0.33115 0.3102036458333333 0.07430555555555556
12 0.4032046875 0.18907916666666666 0.04094911458333333 0.04513888888888889
11 0.7177552083333333 0.520982638888889 0.07241510416666667 0.034027777777777775
3 0.48876093750000005 0.5392083333333334 0.12213541666666666 0.04712215277777778
12 0.332996875 0.6610576388888889 0.0398378125 0.044626458333333334
3 0.2698203125 0.24595902777777776 0.12176458333333334 0.04893409722222223
