8 0.43600625 0.14204999999999998 0.10936979166666667 0.16151805555555557
8 0.2885770833333333 0.421875 0.1186765625 0.14104027777777778
10 0.2467359375 0.6280604166666667 0.08812916666666666 0.1200048611111111
10 0.6763177083333333 0.5185305555555555 0.08790416666666667 0.1183576388888889
9 0.5666354166666667 0.436875 0.04927083333333333 0.062150694444444446
9 0.6738489583333334 0.278125 0.04739583333333333 0.06482270833333334
11 0.5643333333333334 0.28963680555555554 0.07149270833333334 0.03248402777777778
11 0.45460260416666665 0.4274493055555556 0.07085156249999999 0.03239923611111111
12 0.49252291666666664 0.7112708333333333 0.03893520833333333 0.04258083333333333
12 0.3733223958333333 0.658654861111111 0.04218427083333333 0.04351847222222222
