7 0.3103916666666667 0.7436319444444444 0.11755833333333333 0.09187569444444443
7 0.6280833333333333 0.8670208333333334 0.11994322916666667 0.0939673611111111
6 0.642515625 0.40898333333333337 0.03425416666666667 0.04475673611111112
2 0.6467916666666667 0.179375 0.3112375 0.07569444444444444
6 0.7925104166666667 0.25733402777777775 0.034805572916666666 0.044450625
3 0.46407760416666666 0.6722861111111111 0.12023697916666666 0.04682375
12 0.4410385416666667 0.28174791666666665 0.040140052083333336 0.04652777777777778
2 0.24899791666666668 0.388125 0.30562447916666663 0.07294583333333333
3 0.8493802083333333 0.7032291666666667 0.12035468749999999 0.04652777777777778
11 0.7912864583333333 0.5247916666666667 0.07135416666666666 0.03125
11 0.35817604166666667 0.5381666666666667 0.07028854166666668 0.03125
12 0.5085171875 0.499375 0.03802083333333333 0.04245763888888889
