8 0.6996666666666667 0.8017708333333333 0.11950729166666667 0.15325902777777778
7 0.7289739583333333 0.13848541666666667 0.12112447916666666 0.09930555555555555
10 0.5500104166666666 0.42533819444444443 0.08489583333333334 0.12430555555555556
5 0.449090625 0.4194694444444444 0.160459375 0.07223680555555556
6 0.640734375 0.5288055555555555 0.033835625 0.04467256944444445
4 0.5016791666666667 0.039672013888888885 0.15433385416666667 0.068554375
1 0.23907864583333333 0.3822368055555556 0.49536718750000003 0.07708333333333334
0 0.39562604166666665 0.7685069444444446 0.3739036458333333 0.07708333333333334
11 0.35423593750000004 0.17413055555555554 0.0730265625 0.034027777777777775
12 0.52965625 0.6242597222222221 0.0421875 0.04375
3 0.37445260416666665 0.5953090277777778 0.1322296875 0.052239097222222225
9 0.8120260416666666 0.865173611111111 0.045235520833333334 0.061802916666666666
2 0.68640625 0.3362104166666666 0.31028802083333334 0.07569444444444444
