8 0.3679276041666667 0.7422083333333334 0.1203125 0.15578819444444444
10 0.7589947916666666 0.38091041666666664 0.08900052083333333 0.11846250000000001
7 0.3106791666666667 0.3348423611111111 0.12219947916666667 0.09930555555555555
5 0.264653125 0.7166944444444444 0.16226822916666667 0.07171527777777778
6 0.5531197916666667 0.29887013888888886 0.0328125 0.04375
2 0.18367187499999998 0.4315201388888889 0.31319375 0.07569444444444444
0 0.5426614583333333 0.6924923611111111 0.3754296875 0.07708333333333334
11 0.649609375 0.2970479166666667 0.07419322916666667 0.03424680555555555
9 0.7652447916666667 0.10595347222222223 0.04926848958333333 0.06724340277777778
1 0.46767187499999996 0.12437222222222223 0.4997833333333333 0.07569444444444444
4 0.6642291666666666 0.6026729166666667 0.15099114583333334 0.06736111111111111
12 0.3577541666666667 0.4754326388888889 0.04208015624999999 0.04513888888888889
3 0.6770885416666667 0.8312361111111112 0.12299635416666667 0.050041944444444444
