8 0.3514296875 0.47379930555555555 0.11864739583333334 0.1542125
8 0.807984375 0.6048569444444445 0.12142239583333334 0.1511597222222222
10 0.6693697916666667 0.21468888888888887 0.0890625 0.11237569444444444
10 0.4494015625 0.21463333333333334 0.09010416666666667 0.11680625
9 0.6413802083333333 0.6163486111111112 0.04635416666666667 0.06316159722222221
9 0.60409375 0.46503055555555556 0.04612921875 0.06118222222222222
11 0.54578125 0.7403472222222222 0.06979114583333333 0.03263888888888889
11 0.833125 0.3825298611111111 0.07094427083333334 0.035416666666666666
12 0.7466927083333333 0.4511951388888889 0.0421875 0.04513888888888889
12 0.4883411458333333 0.4993694444444444 0.0386159375 0.04540951388888889
