9 0.7746197916666666 0.587225 0.04740046875 0.06266076388888889
12 0.6752447916666667 0.5223458333333333 0.049479166666666664 0.04500590277777777
8 0.4223104166666667 0.7757569444444444 0.11486614583333334 0.15812916666666665
4 0.4878036458333333 0.4674076388888889 0.15143854166666668 0.06753666666666666
10 0.6422916666666667 0.39703680555555554 0.08976041666666666 0.11563680555555556
3 0.24195885416666665 0.5538111111111111 0.1218875 0.05023493055555556
6 0.6242760416666666 0.8327291666666667 0.03429776041666666 0.04555493055555556
11 0.6628281250000001 0.710625 0.07938385416666667 0.03719444444444445
0 0.7680364583333333 0.15687500000000001 0.3808739583333333 0.08208888888888889
2 0.35721458333333334 0.47687500000000005 0.31443125 0.07430555555555556
5 0.55603125 0.19681875 0.15633333333333335 0.07149444444444444
1 0.2820640625 0.275625 0.5006005208333334 0.07708333333333334
7 0.5766510416666667 0.733125 0.12730104166666667 0.10486111111111111
