8 0.8263489583333333 0.34253680555555555 0.12191302083333334 0.1457736111111111
8 0.32797916666666665 0.4819486111111111 0.11822916666666666 0.14420972222222223
10 0.754796875 0.5319652777777778 0.09114583333333333 0.11319444444444444
10 0.4051895833333334 0.20173472222222222 0.08177239583333333 0.12291666666666666
11 0.5848593750000001 0.40952500000000003 0.0708921875 0.034027777777777775
9 0.6692916666666666 0.6521541666666667 0.04492432291666667 0.063223125
12 0.680265625 0.3408923611111111 0.04239822916666667 0.04683159722222222
9 0.5934739583333334 0.17821874999999998 0.04739583333333333 0.06004743055555555
12 0.5161203125 0.5590576388888889 0.04114583333333333 0.04243131944444445
11 0.5361822916666666 0.7649583333333333 0.07080260416666667 0.031347152777777776
