8 0.4074666666666667 0.15539583333333334 0.12068854166666668 0.15240277777777778
7 0.4134557291666667 0.43207291666666664 0.12395520833333333 0.10093541666666667
10 0.24054166666666665 0.15061041666666666 0.0898078125 0.12073541666666668
5 0.63346875 0.08572361111111111 0.16051770833333334 0.07333125
9 0.4469286458333333 0.6145625 0.044270833333333336 0.059027777777777776
1 0.5482656250000001 0.7069861111111111 0.49356979166666665 0.07569444444444444
4 0.2930859375 0.5956250000000001 0.15350000000000003 0.06736111111111111
6 0.6485885416666667 0.50878125 0.033226614583333335 0.04507791666666667
11 0.8313229166666667 0.5636923611111111 0.07570729166666666 0.033765694444444445
3 0.6382864583333333 0.24937638888888888 0.12449635416666666 0.050694444444444445
2 0.20761197916666668 0.42994513888888886 0.31318125 0.07782430555555556
0 0.68121875 0.37775416666666667 0.365953125 0.0818
12 0.44684375000000004 0.9021736111111112 0.03880078125 0.043370763888888886
