10 0.7136770833333334 0.3578951388888889 0.089521875 0.11789652777777777
7 0.6842239583333334 0.5695805555555555 0.12150677083333333 0.09930555555555555
8 0.8438385416666667 0.17627638888888889 0.12082187500000001 0.1510951388888889
5 0.3175598958333333 0.1262763888888889 0.15966875 0.07152777777777777
6 0.38826302083333336 0.2103715277777778 0.03477177083333333 0.04604951388888889
9 0.5619322916666667 0.23312152777777778 0.04408416666666667 0.06581687500000001
1 0.41414375 0.6366340277777778 0.49930729166666665 0.07708333333333334
0 0.24682135416666667 0.4146527777777778 0.37123385416666665 0.08844583333333333
3 0.5701770833333334 0.6585791666666667 0.12346041666666667 0.049305555555555554
4 0.49187395833333336 0.3978416666666667 0.15040572916666667 0.06875
12 0.4691692708333333 0.1297701388888889 0.04045182291666667 0.044624513888888884
11 0.4816317708333333 0.538707638888889 0.0707671875 0.034027777777777775
2 0.685609375 0.16879791666666666 0.3034385416666667 0.07569444444444444
