8 0.8518489583333333 0.5537777777777778 0.12018333333333334 0.1515013888888889
7 0.6354322916666667 0.8519097222222223 0.11893125 0.09633472222222222
10 0.7626614583333333 0.5152013888888889 0.0890625 0.11875
6 0.4031005208333333 0.6606555555555556 0.033774375 0.04496638888888889
5 0.5232552083333333 0.6005041666666666 0.15693125 0.07152777777777777
4 0.44919947916666664 0.41686527777777777 0.14997135416666665 0.06835284722222222
1 0.42270885416666665 0.7659930555555555 0.49894166666666667 0.07569444444444444
12 0.43955677083333333 0.5203013888888889 0.03782359375 0.04344944444444444
0 0.6687031250000001 0.6242201388888888 0.3619473958333333 0.07569444444444444
9 0.50753125 0.23435833333333334 0.04544921875 0.06029076388888889
2 0.4213427083333333 0.260625 0.30728645833333335 0.07780972222222222
11 0.596703125 0.2685909722222222 0.0703125 0.04097222222222222
3 0.754796875 0.28493680555555556 0.12362864583333333 0.04652777777777778
