8 0.3094151041666667 0.6041444444444444 0.11822916666666666 0.1611548611111111
7 0.6613333333333333 0.4859291666666667 0.11807604166666666 0.09930555555555555
10 0.6094895833333334 0.6737777777777778 0.08879635416666667 0.11955347222222223
5 0.3676729166666667 0.8300208333333333 0.16047604166666665 0.07291666666666667
9 0.5080614583333333 0.46042777777777777 0.04560692708333333 0.060657222222222223
6 0.382528125 0.39047638888888886 0.033538124999999995 0.04504777777777777
2 0.18828541666666665 0.39914444444444447 0.3078125 0.07430555555555556
11 0.47919270833333333 0.6582868055555555 0.07289270833333333 0.034027777777777775
4 0.4553234375 0.7929375 0.15207135416666664 0.06875
12 0.7964791666666666 0.711673611111111 0.040354635416666666 0.04652777777777778
1 0.60675 0.27425694444444443 0.5019932291666667 0.07708333333333334
0 0.15144635416666666 0.7562777777777777 0.37148593750000003 0.08429444444444445
3 0.39927447916666664 0.22782569444444445 0.12791822916666667 0.05071631944444444
