8 0.36349583333333335 0.7994722222222223 0.12135416666666667 0.15358333333333332
8 0.5033104166666666 0.3936708333333333 0.1171875 0.15908958333333334
7 0.67140625 0.6682583333333334 0.11746927083333333 0.0931625
10 0.25461197916666667 0.4632118055555555 0.0881859375 0.12046041666666667
10 0.4149921875 0.5937 0.08756145833333333 0.12166805555555556
9 0.3044 0.8956597222222222 0.04649416666666666 0.064183125
9 0.24133906249999998 0.645611111111111 0.04635416666666667 0.06041666666666667
6 0.38635937499999995 0.41154583333333333 0.033854166666666664 0.04513888888888889
1 0.29357395833333333 0.5589527777777779 0.4986302083333333 0.07745694444444444
11 0.5875520833333333 0.5298881944444445 0.07034375 0.034027777777777775
2 0.4102057291666667 0.06976597222222222 0.30572916666666666 0.07786875
11 0.40785208333333334 0.11869791666666668 0.07073645833333334 0.03256590277777778
4 0.19400572916666667 0.4459138888888889 0.152615625 0.07130833333333333
0 0.22888854166666667 0.3615215277777778 0.37552291666666665 0.08448194444444444
12 0.6107239583333333 0.359375 0.0408321875 0.042024791666666665
12 0.4336390625 0.9032430555555556 0.039335156249999996 0.044469305555555554
5 0.525765625 0.8093611111111111 0.15667916666666667 0.07091319444444444
3 0.22744479166666667 0.083625 0.12756614583333334 0.04856256944444444
