7 0.4135317708333333 0.11924097222222221 0.11935416666666666 0.10069444444444445
8 0.4909244791666667 0.7683125 0.12135416666666667 0.1535875
10 0.5958697916666666 0.5091395833333333 0.08648281249999999 0.12013888888888889
6 0.42047708333333333 0.5650256944444444 0.03444755208333334 0.045470625
5 0.6558072916666667 0.6546319444444444 0.1553578125 0.06872416666666667
12 0.2888833333333333 0.44634444444444443 0.03840104166666667 0.04268527777777778
0 0.20497604166666666 0.3577715277777778 0.3692708333333333 0.07959374999999999
9 0.2980744791666667 0.2409111111111111 0.04545369791666667 0.05811270833333333
4 0.4536135416666667 0.39653125 0.15140260416666665 0.06612055555555556
11 0.5508385416666666 0.23313402777777778 0.0728359375 0.03263888888888889
3 0.2960921875 0.633125 0.12256249999999999 0.04819125
2 0.7298177083333334 0.5021027777777778 0.30945677083333334 0.07430555555555556
1 0.7830677083333334 0.321875 0.49243125 0.07891388888888888
