8 0.23281770833333332 0.17765763888888889 0.12068385416666666 0.15298819444444445
7 0.489246875 0.40405 0.11889166666666666 0.09930555555555555
10 0.43295156250000005 0.1453576388888889 0.08857604166666667 0.12298541666666665
2 0.21395677083333334 0.5371201388888889 0.3096171875 0.07569444444444444
6 0.287325 0.5700888888888889 0.032977447916666666 0.04521736111111111
9 0.34299114583333334 0.29402361111111114 0.04491604166666666 0.06052986111111111
11 0.5527916666666666 0.5084013888888889 0.07121510416666667 0.03263888888888889
5 0.4889291666666667 0.61803125 0.15582135416666668 0.07152777777777777
0 0.55090625 0.7970486111111111 0.365971875 0.07917361111111111
4 0.2830020833333334 0.7544375000000001 0.15628333333333336 0.06875
12 0.351434375 0.4411083333333333 0.0437675 0.047085138888888885
3 0.39643281249999995 0.6321034722222223 0.12264114583333334 0.050694444444444445
1 0.7169322916666666 0.39812499999999995 0.4934135416666667 0.07708333333333334
