8 0.6075937499999999 0.4037118055555556 0.12128489583333332 0.14805416666666668
8 0.30545625 0.5032861111111111 0.12103020833333332 0.15248541666666668
10 0.5614114583333334 0.7052569444444445 0.08802083333333334 0.12152777777777778
10 0.43058854166666666 0.14010763888888889 0.08756614583333334 0.11879444444444444
9 0.6633385416666666 0.6223229166666666 0.04848296875 0.057100763888888885
9 0.2964895833333333 0.22374583333333334 0.04639161458333333 0.059381250000000003
11 0.1506703125 0.316525 0.07293489583333333 0.034027777777777775
11 0.8049270833333334 0.48044027777777776 0.07118541666666665 0.034027777777777775
12 0.45889479166666663 0.6178604166666667 0.04037833333333333 0.04375
12 0.64190625 0.17117222222222223 0.03999947916666667 0.04333819444444444
