8 0.7914479166666666 0.7113402777777778 0.11388958333333334 0.15838333333333335
7 0.49525312499999996 0.8577708333333334 0.11832864583333333 0.09539027777777777
10 0.27690729166666667 0.20940625000000002 0.09010416666666667 0.12020277777777778
6 0.459671875 0.6990347222222222 0.033854166666666664 0.04375
0 0.24964427083333335 0.5448347222222222 0.36823645833333335 0.08616388888888889
9 0.3947307291666667 0.3758659722222222 0.046536145833333334 0.05997416666666666
4 0.46925989583333333 0.5330034722222222 0.15243072916666664 0.06736111111111111
5 0.6323958333333334 0.7537847222222223 0.15767083333333334 0.06875
1 0.7169322916666666 0.378125 0.49846562499999997 0.07586319444444443
2 0.7850677083333333 0.49312500000000004 0.3090359375 0.07383541666666667
3 0.538578125 0.209375 0.12366927083333333 0.04585222222222222
11 0.35948020833333333 0.6510548611111111 0.07135416666666666 0.03265284722222222
12 0.8500104166666667 0.6268131944444444 0.04114583333333333 0.044503402777777784
