8 0.2876125 0.1842590277777778 0.12135416666666667 0.1590125
7 0.4658578125 0.6922631944444445 0.12124270833333334 0.09930555555555555
10 0.8821927083333333 0.5578388888888889 0.08811822916666667 0.11882291666666665
6 0.48316770833333333 0.41783125 0.033854166666666664 0.04375
5 0.31652135416666666 0.5637076388888889 0.15929635416666665 0.07291666666666667
4 0.9344479166666667 0.6511243055555556 0.14864166666666667 0.07013888888888889
9 0.6849010416666667 0.60859375 0.04499255208333333 0.06242340277777778
11 0.6239843749999999 0.7503888888888889 0.0725 0.034027777777777775
12 0.22318385416666667 0.4661076388888889 0.04062005208333333 0.04791666666666667
0 0.785203125 0.3463701388888889 0.3651453125 0.08261458333333334
1 0.59365625 0.8349722222222221 0.4967135416666667 0.07708333333333334
2 0.29420885416666664 0.7787291666666666 0.31188697916666663 0.07430555555555556
3 0.6129739583333333 0.5161361111111111 0.12475052083333332 0.04982895833333333
