8 0.48547083333333335 0.44875000000000004 0.11770833333333333 0.15299930555555555
8 0.46419791666666665 0.19166041666666667 0.11197916666666667 0.15836111111111112
10 0.3281088541666667 0.49509722222222224 0.08628802083333334 0.1176763888888889
10 0.8275260416666667 0.6340430555555556 0.09030208333333332 0.11334097222222222
9 0.7600208333333334 0.40625 0.050208333333333334 0.062150694444444446
9 0.6782343750000001 0.6206951388888889 0.04635416666666667 0.06004729166666667
12 0.7031354166666667 0.22640069444444444 0.040373125 0.04375
12 0.40674739583333336 0.6865180555555556 0.038349843749999994 0.04446986111111111
11 0.5888854166666667 0.2559034722222222 0.07041041666666666 0.03172138888888889
11 0.5927864583333334 0.6810909722222221 0.07137604166666667 0.032989861111111116
