9 0.31331302083333334 0.5579069444444444 0.047585989583333335 0.06237486111111111
10 0.28232031249999995 0.7525972222222223 0.08960572916666668 0.11797291666666666
8 0.29533437500000004 0.31326736111111114 0.1141328125 0.15813472222222222
12 0.6097187500000001 0.49312500000000004 0.043784375 0.045808125000000005
11 0.6628281250000001 0.426875 0.07644114583333333 0.03833298611111111
3 0.7560104166666667 0.506875 0.12743593749999998 0.05403430555555555
7 0.7950885416666666 0.655625 0.12617552083333333 0.09791666666666667
5 0.8775677083333334 0.46920694444444444 0.15959010416666666 0.06946527777777778
6 0.5389114583333333 0.63519375 0.03287635416666666 0.0440275
0 0.6558125 0.271875 0.367809375 0.08125
4 0.609515625 0.7483611111111111 0.15425677083333333 0.06721958333333333
1 0.13076145833333333 0.609375 0.4987119791666667 0.0798611111111111
2 0.43526145833333335 0.6086611111111111 0.304096875 0.07531527777777777
