6 0.4924848958333333 0.914375 0.034270833333333334 0.04344659722222222
6 0.4829661458333333 0.2475 0.03145833333333333 0.042110625
1 0.49949895833333335 0.609375 0.5005640625 0.07847222222222222
1 0.6047083333333333 0.31937499999999996 0.5070848958333333 0.07847222222222222
0 0.6578177083333333 0.453125 0.37462708333333333 0.08128333333333333
0 0.3321645833333333 0.7481249999999999 0.3726333333333333 0.07936111111111112
2 0.62575 0.661875 0.3096760416666667 0.07502083333333333
2 0.22795572916666668 0.296875 0.3115979166666667 0.07523888888888888
7 0.3491984375 0.205625 0.12316145833333333 0.09677430555555555
7 0.3562125 0.8131250000000001 0.12103333333333333 0.09615625
5 0.21392760416666665 0.545625 0.15880052083333332 0.06934125
5 0.5295572916666667 0.579375 0.15638541666666667 0.07309166666666667
4 0.2990984375 0.510625 0.15840625 0.06752506944444445
4 0.3812625 0.470625 0.15039843749999998 0.06856236111111111
3 0.3101203125 0.438125 0.12024739583333334 0.04616409722222222
3 0.44839687500000003 0.519375 0.1220015625 0.04660895833333333
