8 0.7017447916666666 0.31824305555555554 0.113371875 0.15900416666666667
7 0.5041625 0.24913819444444446 0.12022708333333335 0.09930555555555555
10 0.6572135416666666 0.7820833333333334 0.08701197916666666 0.12254861111111111
5 0.4279630208333333 0.5181159722222222 0.1587583333333333 0.07291666666666667
6 0.33600677083333336 0.6615444444444445 0.03399927083333333 0.04431736111111111
9 0.581421875 0.5331361111111111 0.04673953125 0.06104645833333333
4 0.84053125 0.6917923611111111 0.15508645833333334 0.06920902777777778
11 0.6997447916666667 0.50814375 0.07582239583333333 0.032578125
2 0.21488072916666667 0.6289944444444444 0.3113708333333333 0.07657083333333334
3 0.44603750000000003 0.8708819444444444 0.12447916666666667 0.049305555555555554
12 0.5592604166666667 0.37825624999999996 0.04398973958333333 0.04816159722222222
1 0.8266822916666666 0.3308125 0.49909635416666664 0.07708333333333334
0 0.2210625 0.3210513888888889 0.37057187500000005 0.08214583333333333
