7 0.5439166666666666 0.2061513888888889 0.12046510416666667 0.09319652777777777
7 0.44015312500000003 0.7776944444444445 0.11952343750000001 0.09930555555555555
6 0.7335885416666666 0.8090902777777778 0.034856614583333334 0.04472486111111111
6 0.4464140625 0.5858548611111111 0.03449109375 0.04560159722222223
11 0.5994739583333334 0.6585180555555555 0.0709984375 0.03263888888888889
11 0.43486302083333334 0.4016722222222222 0.07186458333333333 0.035416666666666666
2 0.15944166666666665 0.6369506944444444 0.307990625 0.07569444444444444
2 0.82909375 0.19465972222222222 0.3141979166666667 0.07569444444444444
3 0.2902635416666667 0.29454722222222224 0.123921875 0.04956347222222222
3 0.9290885416666667 0.5252694444444445 0.11986197916666666 0.050694444444444445
12 0.2776510416666667 0.5449729166666667 0.04008369791666667 0.04513888888888889
12 0.7209583333333334 0.5166916666666667 0.040583385416666666 0.04791666666666667
