8 0.39097604166666666 0.5846916666666667 0.1073625 0.15964166666666665
8 0.562109375 0.12016527777777779 0.1123953125 0.16012777777777779
10 0.314334375 0.4962736111111111 0.08478697916666667 0.11706041666666667
7 0.45801875 0.8695069444444444 0.118734375 0.09158402777777777
10 0.7291875 0.12177083333333333 0.08802083333333334 0.12152777777777778
9 0.19884270833333334 0.39570694444444443 0.044270833333333336 0.06296694444444444
0 0.5487604166666666 0.7170416666666667 0.36614583333333334 0.08125
2 0.765859375 0.34310694444444445 0.3234208333333333 0.0749
6 0.5918177083333334 0.6164972222222223 0.035509687500000005 0.04547736111111111
12 0.6121770833333334 0.5793069444444444 0.033854166666666664 0.04513888888888889
1 0.5736458333333334 0.416875 0.4984375 0.07708333333333334
4 0.37491406250000003 0.1404173611111111 0.15593125 0.06875
9 0.38312552083333334 0.9157847222222222 0.04635416666666667 0.06269722222222222
11 0.29297135416666664 0.14946041666666668 0.0717046875 0.035416666666666666
11 0.23173281250000002 0.4871854166666667 0.07107395833333333 0.03023048611111111
5 0.26675885416666667 0.6780006944444444 0.15724583333333333 0.07368888888888889
3 0.21320260416666667 0.32493611111111115 0.12100885416666667 0.049305555555555554
12 0.2829755208333333 0.8771111111111111 0.041505729166666665 0.04327729166666667
