9 0.7001354166666667 0.878076388888889 0.04587776041666667 0.062370694444444444
9 0.4293166666666667 0.4446194444444444 0.046512604166666666 0.062666875
8 0.3907614583333333 0.620882638888889 0.11551770833333334 0.1587625
8 0.6053854166666667 0.659042361111111 0.12212656250000001 0.15070694444444444
4 0.38627239583333334 0.268125 0.15495625000000002 0.07373472222222222
10 0.40032187500000005 0.8954097222222223 0.08886510416666667 0.11979305555555556
4 0.6397812500000001 0.861875 0.1545671875 0.06785666666666666
10 0.647546875 0.23196250000000002 0.08507447916666666 0.1244875
5 0.6077135416666667 0.406875 0.16278541666666665 0.07569444444444444
5 0.5330260416666667 0.11465277777777777 0.15692916666666665 0.07134236111111111
0 0.49448906249999997 0.563125 0.3751208333333333 0.08762361111111111
0 0.16683385416666668 0.480625 0.3778109375 0.08538124999999999
1 0.7169322916666666 0.44437499999999996 0.5003005208333333 0.07936458333333334
1 0.2760520833333333 0.46187500000000004 0.5014020833333334 0.08125
