7 0.3177197916666667 0.33013750000000003 0.12008020833333334 0.09930555555555555
7 0.661640625 0.7103333333333334 0.12095520833333334 0.09930555555555555
6 0.3786895833333333 0.15750138888888887 0.034562916666666665 0.04518305555555555
2 0.16104166666666667 0.5293145833333333 0.30877447916666667 0.07569444444444444
6 0.5336666666666667 0.4673673611111111 0.033854166666666664 0.04513888888888889
2 0.6829635416666666 0.2355708333333333 0.31475416666666667 0.07430555555555556
11 0.4479807291666667 0.6328180555555556 0.0718171875 0.03263888888888889
11 0.42770833333333336 0.4831986111111111 0.07271718749999999 0.035416666666666666
12 0.2928645833333333 0.6408333333333333 0.039756041666666665 0.04652777777777778
3 0.4776713541666667 0.8617777777777778 0.12458489583333333 0.050694444444444445
12 0.44033593750000005 0.2883277777777778 0.04425838541666667 0.04652777777777778
3 0.6619947916666666 0.2660861111111111 0.12173125 0.04954402777777778
