8 0.820640625 0.7274999999999999 0.11351041666666667 0.15826666666666667
8 0.22695416666666668 0.19 0.12145833333333332 0.16635902777777778
10 0.15180364583333333 0.39812499999999995 0.09052083333333334 0.12093472222222221
10 0.23547083333333332 0.634375 0.09239583333333333 0.1142548611111111
9 0.29058125 0.346875 0.04552083333333334 0.060814652777777777
9 0.44839687500000003 0.5475 0.04833333333333333 0.05947868055555555
12 0.38527031250000005 0.431875 0.041395572916666665 0.04678076388888889
12 0.41132239583333335 0.794375 0.041686666666666664 0.042024791666666665
11 0.3502869791666667 0.6240951388888889 0.07135416666666666 0.03134902777777778
11 0.6780677083333334 0.34551944444444443 0.07017083333333334 0.033085
