8 0.4884296875 0.7144583333333333 0.12029114583333333 0.1543326388888889
7 0.8214218750000001 0.5686722222222222 0.11739791666666667 0.09930555555555555
10 0.3537046875 0.1975888888888889 0.09010416666666667 0.10793680555555556
7 0.3430104166666667 0.7903958333333334 0.11907031250000001 0.10069444444444445
4 0.7462083333333334 0.56605625 0.150128125 0.07152777777777777
6 0.4561223958333333 0.8781319444444444 0.03227588541666667 0.04513888888888889
6 0.39476927083333335 0.5188979166666666 0.032718177083333334 0.042336458333333334
11 0.6964583333333334 0.4854208333333333 0.07077708333333334 0.03263888888888889
5 0.5024333333333334 0.09260208333333333 0.159240625 0.07152777777777777
2 0.53828125 0.29752083333333335 0.3078125 0.07430555555555556
9 0.6066458333333333 0.6187611111111111 0.04739583333333333 0.059027777777777776
5 0.3408817708333334 0.6076583333333333 0.15425208333333332 0.07013888888888889
1 0.3553489583333333 0.44512569444444444 0.4977255208333334 0.07569444444444444
4 0.6747760416666666 0.19166527777777778 0.14693802083333332 0.06751770833333333
0 0.21813854166666669 0.2839305555555556 0.3671875 0.07966736111111111
12 0.5647864583333334 0.5201111111111112 0.04230645833333333 0.04652777777777778
3 0.3084046875 0.6847277777777778 0.12398020833333333 0.049305555555555554
