8 0.1314890625 0.15886805555555555 0.12208958333333333 0.14754583333333335
7 0.3432078125 0.3270770833333333 0.120328125 0.10069444444444445
10 0.4772677083333334 0.5512548611111111 0.08712083333333333 0.12324444444444445
4 0.527546875 0.3386125 0.15448802083333335 0.06875
6 0.717078125 0.34083402777777777 0.0328125 0.04513888888888889
9 0.69140625 0.6259694444444445 0.0453125 0.06399388888888889
5 0.2576890625 0.6104875 0.16273385416666666 0.07284375
1 0.6375624999999999 0.22456875 0.4980171875 0.07708333333333334
0 0.4627046875 0.7047916666666667 0.37038541666666663 0.07708333333333334
11 0.3616984375 0.5292944444444444 0.07270520833333333 0.034027777777777775
12 0.26212447916666665 0.25675694444444447 0.04010552083333333 0.04634590277777778
2 0.7451875 0.4673555555555555 0.30794479166666666 0.07569444444444444
3 0.154809375 0.46062499999999995 0.12377083333333333 0.050694444444444445
