8 0.20941875000000001 0.143125 0.11864583333333334 0.15700694444444444
8 0.6701510416666667 0.15982291666666668 0.11840208333333332 0.14808819444444446
10 0.7691197916666667 0.45305625 0.0878046875 0.11901597222222222
9 0.5210416666666666 0.30625 0.050208333333333334 0.06615868055555556
10 0.3351703125 0.740625 0.09145833333333334 0.11692708333333333
9 0.33717447916666665 0.558125 0.051145833333333335 0.06749472222222222
11 0.3708322916666667 0.2653013888888889 0.07135416666666666 0.03330145833333333
12 0.4198395833333333 0.443125 0.036145833333333335 0.05012666666666667
12 0.47690520833333333 0.41445486111111113 0.03992036458333333 0.043609375
11 0.4767166666666667 0.6870972222222222 0.07157395833333333 0.030966805555555553
