9 0.3562125 0.586875 0.04946375 0.06431694444444444
9 0.5145291666666666 0.603125 0.047086093749999995 0.06346034722222223
10 0.42390416666666664 0.3066506944444444 0.08798958333333333 0.11843125
9 0.36251510416666666 0.41623194444444445 0.11115104166666666 0.15153472222222222
10 0.5682291666666667 0.5523243055555556 0.08909843749999999 0.11295972222222223
8 0.5463697916666667 0.43344513888888886 0.11351197916666668 0.1561854166666667
4 0.585671875 0.338125 0.15649895833333333 0.06875
4 0.370240625 0.523125 0.15780312500000002 0.0679025
1 0.462425 0.203125 0.5057317708333333 0.07708333333333334
5 0.5766510416666667 0.29562499999999997 0.16316666666666665 0.07013888888888889
5 0.24499010416666664 0.463125 0.14600677083333335 0.08125
0 0.5896770833333334 0.23062500000000002 0.3738286458333333 0.08819444444444445
0 0.2754078125 0.5807083333333334 0.37362656250000004 0.09513888888888888
1 0.38426875000000005 0.620625 0.5002 0.07804513888888889
