8 0.3416802083333333 0.18546388888888887 0.11539010416666667 0.16042847222222223
7 0.6311822916666666 0.6903215277777778 0.11941874999999999 0.09930555555555555
10 0.5030109374999999 0.5174451388888889 0.09083645833333334 0.11557569444444445
4 0.7201406250000001 0.4902458333333333 0.15275885416666668 0.07013888888888889
6 0.816015625 0.5303916666666667 0.034213437500000006 0.04516125
1 0.7007187500000001 0.26656805555555557 0.49075572916666665 0.07708333333333334
9 0.4240161458333333 0.36633680555555553 0.044813177083333336 0.06426888888888889
0 0.123678125 0.4768965277777778 0.37031458333333334 0.08484027777777778
5 0.487025 0.7106388888888889 0.15709375 0.07152777777777777
12 0.3981125 0.7544375000000001 0.03934421875 0.04513888888888889
11 0.638015625 0.4513256944444444 0.07405104166666666 0.03263888888888889
2 0.3262010416666667 0.6357541666666666 0.31112291666666664 0.07708333333333334
3 0.2654447916666667 0.37717708333333333 0.12645104166666668 0.048371875
