8 0.45415208333333335 0.8865555555555557 0.11342916666666666 0.16197916666666667
10 0.23989531249999999 0.6894645833333333 0.0918890625 0.11309513888888889
8 0.5013625 0.3349743055555556 0.1202703125 0.1522423611111111
10 0.7519427083333333 0.6336881944444445 0.08802083333333334 0.11597222222222223
9 0.546046875 0.5510194444444444 0.044270833333333336 0.06190361111111111
9 0.3663020833333333 0.7063194444444445 0.0453003125 0.06226319444444445
11 0.7301302083333333 0.8071805555555555 0.07123177083333333 0.03383590277777778
11 0.35696770833333336 0.5145222222222222 0.0677734375 0.03299986111111111
12 0.48319791666666667 0.7088194444444444 0.04045046875 0.04564013888888889
12 0.7095468749999999 0.4603513888888889 0.039434166666666666 0.04523027777777778
