8 0.7873020833333333 0.3995708333333333 0.1203125 0.15347222222222223
8 0.24226145833333332 0.32246597222222223 0.12135416666666667 0.15894166666666668
10 0.4209901041666667 0.6136090277777778 0.08737916666666666 0.12182083333333334
7 0.6295364583333334 0.7457986111111111 0.11844010416666667 0.10069444444444445
10 0.3638135416666667 0.4852951388888889 0.09010416666666667 0.10926736111111111
9 0.6623333333333333 0.44454375 0.04739583333333333 0.06342208333333334
9 0.55190625 0.4028541666666667 0.044547760416666665 0.061805
11 0.523796875 0.6743090277777778 0.07045 0.03263888888888889
5 0.43668125 0.7769791666666666 0.1538 0.07291666666666667
3 0.4238109375 0.2737041666666667 0.11984583333333335 0.050694444444444445
4 0.57625 0.2889715277777778 0.15219739583333333 0.07152777777777777
11 0.490765625 0.8109513888888888 0.071275 0.03263888888888889
0 0.5794427083333333 0.5702597222222222 0.3725125 0.08015
6 0.43205052083333334 0.494375 0.031354114583333335 0.04652777777777778
2 0.1721322916666667 0.6972083333333333 0.3067182291666667 0.08680555555555555
12 0.3491109375 0.35929722222222227 0.03848395833333333 0.04513888888888889
1 0.28828489583333333 0.6336680555555555 0.4978125 0.07847222222222222
12 0.16534322916666666 0.8034791666666666 0.03400625 0.04236111111111111
