7 0.36259375 0.8115763888888889 0.12140520833333333 0.0973888888888889
7 0.560625 0.11657708333333335 0.12032135416666666 0.09375
6 0.5708541666666667 0.5220604166666667 0.0328125 0.04375
2 0.17307760416666668 0.46624444444444446 0.3091453125 0.07569444444444444
6 0.4921416666666667 0.39145555555555556 0.034895833333333334 0.04513888888888889
2 0.739875 0.4047027777777778 0.3073229166666666 0.07430555555555556
12 0.5060104166666667 0.6349645833333334 0.039680885416666666 0.04513888888888889
12 0.31250677083333334 0.3462423611111111 0.040325364583333335 0.04513888888888889
3 0.73671875 0.7570347222222223 0.12092916666666667 0.050694444444444445
11 0.331628125 0.5200027777777778 0.07211666666666666 0.034027777777777775
3 0.8745104166666666 0.5337833333333334 0.12580989583333332 0.050694444444444445
11 0.38871666666666665 0.12120694444444445 0.07115989583333333 0.035416666666666666
