8 0.10603125000000001 0.7725902777777778 0.11965416666666666 0.15465069444444446
8 0.7684010416666667 0.4287277777777778 0.12235364583333334 0.15098194444444443
10 0.7602760416666666 0.8913958333333333 0.09031822916666667 0.11834722222222221
10 0.4144317708333333 0.4127326388888889 0.0894078125 0.11851527777777779
5 0.8141302083333334 0.660625 0.16213072916666665 0.07013888888888889
4 0.6187395833333333 0.286875 0.15923802083333335 0.07013888888888889
9 0.40831666666666666 0.925625 0.04739583333333333 0.06319444444444444
9 0.8082864583333333 0.5756666666666667 0.04552661458333333 0.05927076388888889
5 0.67084375 0.803125 0.1624421875 0.07152777777777777
1 0.44238489583333335 0.268125 0.5010583333333334 0.08263888888888889
1 0.41733489583333333 0.625625 0.4961479166666667 0.0798611111111111
4 0.10071770833333332 0.3717902777777778 0.1590625 0.07318611111111112
0 0.23396770833333333 0.539375 0.3679630208333334 0.08263888888888889
0 0.44038072916666665 0.7506250000000001 0.373378125 0.08958333333333333
