8 0.7140833333333333 0.7733541666666668 0.12081562500000001 0.15374374999999998
8 0.3431239583333333 0.27802569444444447 0.1219171875 0.15016597222222222
10 0.4092322916666667 0.6779979166666666 0.08846614583333333 0.12220208333333334
10 0.6533489583333334 0.5866305555555555 0.08784895833333332 0.12055625
5 0.23240572916666666 0.27067430555555555 0.16077864583333332 0.07197083333333333
4 0.47178489583333333 0.793326388888889 0.15466614583333332 0.06953888888888889
4 0.25725000000000003 0.43997777777777775 0.15705729166666668 0.06851041666666667
5 0.8031041666666667 0.446875 0.15993489583333334 0.07291666666666667
9 0.4781609375 0.9389166666666666 0.045654895833333334 0.05886604166666667
9 0.6183489583333334 0.48015069444444447 0.04347817708333333 0.05490236111111111
0 0.7920833333333334 0.489375 0.3725197916666667 0.08172430555555556
1 0.3553875 0.5342270833333334 0.49947916666666664 0.0798611111111111
1 0.49949895833333335 0.174375 0.499890625 0.08402777777777778
0 0.5505989583333334 0.693125 0.36397239583333335 0.08402777777777778
