10 0.39879739583333335 0.219375 0.08172291666666666 0.12384513888888889
8 0.8627239583333334 0.27999999999999997 0.12083489583333333 0.1539826388888889
8 0.5264166666666666 0.7723194444444446 0.1115203125 0.16245277777777778
10 0.7843177083333334 0.6737500000000001 0.08958333333333333 0.11893125
9 0.44238072916666665 0.5587048611111111 0.04807541666666667 0.059513611111111114
9 0.648203125 0.4820375 0.050520833333333334 0.05802715277777778
12 0.32592031250000003 0.48305555555555557 0.04046515625 0.04236111111111111
12 0.445865625 0.37126180555555555 0.040264375 0.04291770833333333
11 0.5476302083333333 0.16786874999999998 0.0708359375 0.03208041666666667
11 0.66940625 0.2987402777777778 0.07010625000000001 0.03298291666666667
