8 0.6826302083333334 0.37640486111111116 0.1163953125 0.16527638888888888
10 0.34888125 0.5736131944444445 0.08758072916666666 0.12043263888888889
7 0.7543020833333334 0.551617361111111 0.11856249999999999 0.09724791666666667
7 0.47703541666666666 0.21841944444444444 0.11822916666666666 0.09785347222222221
6 0.5617760416666666 0.34700277777777777 0.03490598958333333 0.045059652777777785
5 0.7552083333333334 0.4766305555555555 0.1520640625 0.06527583333333334
0 0.5575104166666667 0.8780694444444445 0.36187760416666664 0.07939513888888888
6 0.577703125 0.1768861111111111 0.033854166666666664 0.04169854166666667
5 0.23134270833333334 0.7028541666666667 0.156421875 0.07152777777777777
9 0.47042552083333333 0.3118548611111111 0.04831708333333333 0.0568173611111111
11 0.40308229166666665 0.3166673611111111 0.07230104166666668 0.03263888888888889
4 0.2555734375 0.5270034722222222 0.14818333333333333 0.06590034722222222
1 0.559078125 0.5575756944444444 0.4997630208333333 0.07708333333333334
2 0.39579322916666665 0.5212520833333333 0.303425 0.07430555555555556
4 0.4630208333333333 0.26353055555555555 0.1515625 0.06786541666666666
12 0.4399635416666667 0.34930277777777774 0.04197776041666667 0.04396041666666666
3 0.7786510416666667 0.4703013888888889 0.12508958333333334 0.04896583333333333
