8 0.44189635416666667 0.17434097222222222 0.11037760416666667 0.16278125
8 0.3741072916666666 0.5307208333333334 0.1203125 0.14225347222222223
10 0.6031041666666667 0.6517395833333334 0.0915859375 0.11591180555555557
10 0.47400520833333337 0.4594506944444445 0.0921875 0.10719583333333332
7 0.8022760416666667 0.4857583333333333 0.11789843750000001 0.09362361111111112
6 0.5166161458333334 0.6011166666666666 0.033854166666666664 0.04181361111111111
5 0.40653958333333334 0.38564027777777776 0.15572916666666667 0.06875
9 0.6836302083333333 0.5229215277777778 0.04560354166666667 0.0605825
1 0.2560390625 0.33441041666666665 0.4971703125 0.07708333333333334
9 0.4983338541666667 0.33353472222222225 0.04702005208333333 0.061035
0 0.6060416666666666 0.29363125 0.3723958333333333 0.08227916666666667
11 0.66634375 0.3511638888888889 0.07171979166666667 0.03486701388888889
12 0.6960729166666667 0.40911180555555554 0.031833645833333334 0.04236111111111111
4 0.68496875 0.14104583333333334 0.14958125000000003 0.07086666666666666
11 0.79125 0.15302708333333334 0.071471875 0.04097222222222222
3 0.7950208333333334 0.19107847222222224 0.12074114583333334 0.04760319444444444
2 0.7953020833333333 0.6144645833333333 0.30183072916666664 0.08085138888888889
12 0.7979895833333334 0.39475277777777773 0.039342812500000005 0.0430075
