9 0.38286354166666664 0.7176458333333334 0.05078427083333333 0.06587340277777777
9 0.4070901041666667 0.4571666666666667 0.04699020833333333 0.06308652777777778
8 0.44453645833333333 0.13660069444444445 0.11722552083333333 0.15875972222222223
10 0.5857083333333333 0.41353055555555557 0.08965260416666668 0.11651944444444445
8 0.7680364583333333 0.363125 0.1140625 0.16429583333333334
10 0.21887708333333336 0.33415069444444445 0.09029114583333334 0.11579375
0 0.6077135416666667 0.706875 0.3683838541666667 0.08735208333333334
5 0.46843697916666666 0.451875 0.16170677083333332 0.06875
1 0.7459895833333333 0.706875 0.4940661458333333 0.08686458333333333
5 0.3381765625 0.7118749999999999 0.16245989583333334 0.07013888888888889
4 0.24899791666666668 0.666875 0.15996145833333333 0.06875
1 0.22394791666666666 0.503125 0.5008776041666666 0.07847222222222222
0 0.7870729166666667 0.168125 0.36842135416666666 0.0798611111111111
4 0.5676354166666666 0.588125 0.15187291666666666 0.06875
