7 0.6162864583333333 0.18902916666666666 0.11848125000000001 0.09930555555555555
7 0.37705416666666663 0.8854722222222222 0.11935989583333333 0.09403958333333333
2 0.23950885416666667 0.48585347222222225 0.30643333333333334 0.07569444444444444
6 0.38702760416666665 0.7131944444444445 0.03518666666666667 0.04571256944444444
6 0.5546770833333333 0.34659791666666667 0.034712864583333336 0.044913125
2 0.5775833333333333 0.8076805555555555 0.3074822916666667 0.07430555555555556
11 0.40359218750000003 0.19505625 0.07204843749999999 0.03263888888888889
11 0.3558432291666667 0.5860618055555555 0.07043177083333334 0.034027777777777775
3 0.420921875 0.4004729166666667 0.11939739583333334 0.04513888888888889
3 0.49850156250000005 0.29081666666666667 0.12343229166666667 0.048020208333333335
12 0.5111375 0.5688666666666666 0.03901635416666667 0.04358430555555556
12 0.6188958333333333 0.6216562499999999 0.036751874999999996 0.04355534722222222
