6 0.4544088541666667 0.12875 0.03333333333333333 0.04344659722222222
6 0.5365729166666667 0.915625 0.03239583333333333 0.04344659722222222
7 0.7419843749999999 0.6581250000000001 0.118359375 0.09842083333333333
7 0.4544088541666667 0.726875 0.12027916666666667 0.09890208333333333
1 0.678859375 0.644375 0.49570624999999996 0.07830763888888889
1 0.3241484375 0.279375 0.5015223958333334 0.07792708333333334
3 0.4273546875 0.208125 0.11158124999999999 0.049839236111111115
4 0.5335677083333333 0.209375 0.15204895833333334 0.07064513888888889
2 0.6988958333333334 0.333125 0.3051078125 0.0753375
0 0.523546875 0.369375 0.364965625 0.0859763888888889
2 0.47444895833333334 0.510625 0.3019921875 0.068118125
0 0.445390625 0.629375 0.3719604166666667 0.08363055555555556
5 0.678859375 0.8056249999999999 0.15115 0.06447013888888889
5 0.27404791666666667 0.42937499999999995 0.15972187499999999 0.06991944444444444
4 0.45240468749999996 0.8681249999999999 0.15563802083333333 0.06904805555555556
3 0.4243484375 0.815625 0.10251145833333333 0.04133034722222222
