8 0.15029270833333333 0.6901986111111111 0.12346093749999999 0.14935347222222223
8 0.6301145833333333 0.7932916666666666 0.11927083333333334 0.15208333333333332
7 0.16067499999999998 0.4706173611111111 0.12054322916666667 0.09187222222222222
10 0.6938177083333333 0.5295388888888889 0.08854635416666666 0.11953194444444445
10 0.3480244791666667 0.8979652777777777 0.0890625 0.11736111111111111
9 0.2886421875 0.45096875 0.04876515625 0.060160902777777775
11 0.8338854166666666 0.42333333333333334 0.07047239583333333 0.03263888888888889
9 0.486915625 0.5500347222222222 0.04373046875 0.06493243055555556
0 0.7134479166666666 0.60941875 0.37244687499999996 0.07933819444444444
5 0.5042953124999999 0.38871180555555557 0.157615625 0.07152777777777777
6 0.601046875 0.20306666666666667 0.034979062500000005 0.045587777777777776
2 0.6338020833333334 0.33970833333333333 0.31094374999999996 0.07743680555555556
3 0.349125 0.7186180555555555 0.1195078125 0.050694444444444445
4 0.44806562499999997 0.23255972222222224 0.15205989583333332 0.06736111111111111
11 0.6217239583333334 0.4185534722222222 0.0716046875 0.034027777777777775
12 0.5501354166666667 0.5254909722222222 0.041422135416666665 0.04518041666666666
1 0.42334166666666667 0.5035062499999999 0.4973078125 0.0798611111111111
12 0.39201041666666664 0.19917569444444444 0.04720828125 0.04097222222222222
